0.020000	1.000000	0
0.020000	2.000000	0
0.020000	3.000000	0
0.020000	4.000000	0
0.020000	5.000000	0
0.020000	6.000000	0
0.020000	7.000000	0
0.020000	8.000000	0
0.020000	9.000000	0
0.020000	10.000000	0
0.020000	12.000000	0
0.020000	14.000000	0
0.020000	16.000000	0
0.020000	18.000000	0
0.020000	20.000000	0
0.020000	22.000000	0
0.020000	24.000000	0
0.020000	26.000000	0
0.020000	28.000000	0
0.020000	30.000000	0
0.020000	32.000000	0
0.020000	34.000000	0
0.020000	36.000000	0
0.020000	38.000000	0
0.020000	40.000000	0
0.020000	42.000000	0.02
0.020000	44.000000	1
0.020000	46.000000	0
0.020000	48.000000	0.02
0.020000	50.000000	2
0.020000	52.000000	0
0.020000	54.000000	0.02
0.020000	56.000000	3
0.020000	58.000000	0
0.020000	60.000000	0.02
0.020000	62.000000	4
0.020000	64.000000	0
0.020000	66.000000	0.02
0.020000	68.000000	5
0.020000	70.000000	0
0.020000	72.000000	0.02
0.020000	74.000000	6
0.020000	76.000000	0
0.020000	78.000000	0.02
0.020000	80.000000	7
0.020000	82.000000	0
0.020000	84.000000	0.02
0.020000	86.000000	8
0.020000	88.000000	0
0.020000	90.000000	0.02
0.020000	92.000000	9
0.020000	94.000000	0
0.020000	96.000000	0.02
0.020000	98.000000	10
0.020000	100.000000	0
0.020000	102.000000	0.02
0.020000	104.000000	12
0.020000	106.000000	0
0.020000	108.000000	0.02
0.020000	110.000000	14
0.020000	112.000000	0
0.020000	114.000000	0.02
0.020000	116.000000	16
0.020000	118.000000	0
0.020000	120.000000	0.02
0.020000	122.000000	18
0.020000	124.000000	0
0.020000	126.000000	0.02
0.020000	128.000000	20
0.020000	130.000000	0
0.020000	132.000000	0.02
0.020000	134.000000	22
0.020000	136.000000	0
0.020000	138.000000	0.02
0.020000	140.000000	24
0.020000	142.000000	0
0.020000	144.000000	0.02
0.020000	146.000000	26
0.020000	148.000000	0
0.020000	150.000000	0.02
0.020000	152.000000	28
0.020000	154.000000	0
0.020000	156.000000	0.02
0.020000	158.000000	30
0.020000	160.000000	0
0.020000	162.000000	0.02
0.020000	164.000000	32
0.020000	166.000000	0
0.020000	168.000000	0.02
0.020000	170.000000	34
0.020000	172.000000	0
0.020000	174.000000	0.02
0.020000	176.000000	36
0.020000	178.000000	0
0.020000	180.000000	0.02
0.050000	1.000000	40
0.050000	2.000000	0
0.050000	3.000000	0.02
0.050000	4.000000	42
0.050000	5.000000	0.02
0.050000	6.000000	0.02
0.050000	7.000000	44
0.050000	8.000000	1
0.050000	9.000000	0.02
0.050000	10.000000	46
0.050000	12.000000	0
0.050000	14.000000	0.02
0.050000	16.000000	48
0.050000	18.000000	0.02
0.050000	20.000000	0.02
0.050000	22.000000	50
0.050000	24.000000	2
0.050000	26.000000	0.02
0.050000	28.000000	52
0.050000	30.000000	0
0.050000	32.000000	0.02
0.050000	34.000000	54
0.050000	36.000000	0.02
0.050000	38.000000	0.02
0.050000	40.000000	56
0.050000	42.000000	3
0.050000	44.000000	0.02
0.050000	46.000000	58
0.050000	48.000000	0
0.050000	50.000000	0.02
0.050000	52.000000	60
0.050000	54.000000	0.02
0.050000	56.000000	0.02
0.050000	58.000000	62
0.050000	60.000000	4
0.050000	62.000000	0.02
0.050000	64.000000	64
0.050000	66.000000	0
0.050000	68.000000	0.02
0.050000	70.000000	66
0.050000	72.000000	0.02
0.050000	74.000000	0.02
0.050000	76.000000	68
0.050000	78.000000	5
0.050000	80.000000	0.02
0.050000	82.000000	70
0.050000	84.000000	0
0.050000	86.000000	0.02
0.050000	88.000000	72
0.050000	90.000000	0.02
0.050000	92.000000	0.02
0.050000	94.000000	74
0.050000	96.000000	6
0.050000	98.000000	0.02
0.050000	100.000000	76
0.050000	102.000000	0
0.050000	104.000000	0.02
0.050000	106.000000	78
0.050000	108.000000	0.02
0.050000	110.000000	0.02
0.050000	112.000000	80
0.050000	114.000000	7
0.050000	116.000000	0.02
0.050000	118.000000	82
0.050000	120.000000	0
0.050000	122.000000	0.02
0.050000	124.000000	84
0.050000	126.000000	0.02
0.050000	128.000000	0.02
0.050000	130.000000	86
0.050000	132.000000	8
0.050000	134.000000	0.02
0.050000	136.000000	88
0.050000	138.000000	0
0.050000	140.000000	0.02
0.050000	142.000000	90
0.050000	144.000000	0.02
0.050000	146.000000	0.02
0.050000	148.000000	92
0.050000	150.000000	9
0.050000	152.000000	0.02
0.050000	154.000000	94
0.050000	156.000000	0
0.050000	158.000000	0.02
0.050000	160.000000	96
0.050000	162.000000	0.02
0.050000	164.000000	0.02
0.050000	166.000000	98
0.050000	168.000000	10
0.050000	170.000000	0.02
0.050000	172.000000	100
0.050000	174.000000	0
0.050000	176.000000	0.02
0.050000	178.000000	102
0.050000	180.000000	0.02
0.075000	1.000000	0.02
0.075000	2.000000	106
0.075000	3.000000	0
0.075000	4.000000	0.02
0.075000	5.000000	108
0.075000	6.000000	0.02
0.075000	7.000000	0.02
0.075000	8.000000	110
0.075000	9.000000	14
0.075000	10.000000	0.02
0.075000	12.000000	112
0.075000	14.000000	0
0.075000	16.000000	0.02
0.075000	18.000000	114
0.075000	20.000000	0.02
0.075000	22.000000	0.02
0.075000	24.000000	116
0.075000	26.000000	16
0.075000	28.000000	0.02
0.075000	30.000000	118
0.075000	32.000000	0
0.075000	34.000000	0.02
0.075000	36.000000	120
0.075000	38.000000	0.02
0.075000	40.000000	0.02
0.075000	42.000000	122
0.075000	44.000000	18
0.075000	46.000000	0.02
0.075000	48.000000	124
0.075000	50.000000	0
0.075000	52.000000	0.02
0.075000	54.000000	126
0.075000	56.000000	0.02
0.075000	58.000000	0.02
0.075000	60.000000	128
0.075000	62.000000	20
0.075000	64.000000	0.02
0.075000	66.000000	130
0.075000	68.000000	0
0.075000	70.000000	0.02
0.075000	72.000000	132
0.075000	74.000000	0.02
0.075000	76.000000	0.02
0.075000	78.000000	134
0.075000	80.000000	22
0.075000	82.000000	0.02
0.075000	84.000000	136
0.075000	86.000000	0
0.075000	88.000000	0.02
0.075000	90.000000	138
0.075000	92.000000	0.02
0.075000	94.000000	0.02
0.075000	96.000000	140
0.075000	98.000000	24
0.075000	100.000000	0.02
0.075000	102.000000	142
0.075000	104.000000	0
0.075000	106.000000	0.02
0.075000	108.000000	144
0.075000	110.000000	0.02
0.075000	112.000000	0.02
0.075000	114.000000	146
0.075000	116.000000	26
0.075000	118.000000	0.02
0.075000	120.000000	148
0.075000	122.000000	0
0.075000	124.000000	0.02
0.075000	126.000000	150
0.075000	128.000000	0.02
0.075000	130.000000	0.02
0.075000	132.000000	152
0.075000	134.000000	28
0.075000	136.000000	0.02
0.075000	138.000000	154
0.075000	140.000000	0
0.075000	142.000000	0.02
0.075000	144.000000	156
0.075000	146.000000	0.02
0.075000	148.000000	0.02
0.075000	150.000000	158
0.075000	152.000000	30
0.075000	154.000000	0.02
0.075000	156.000000	160
0.075000	158.000000	0
0.075000	160.000000	0.02
0.075000	162.000000	162
0.075000	164.000000	0.02
0.075000	166.000000	0.02
0.075000	168.000000	164
0.075000	170.000000	32
0.075000	172.000000	0.02
0.075000	174.000000	166
0.075000	176.000000	0
0.075000	178.000000	0.02
0.075000	180.000000	168
0.100000	1.000000	34
0.100000	2.000000	0.02
0.100000	3.000000	172
0.100000	4.000000	0
0.100000	5.000000	0.02
0.100000	6.000000	174
0.100000	7.000000	0.02
0.100000	8.000000	0.02
0.100000	9.000000	176
0.100000	10.000000	36
0.100000	12.000000	0.02
0.100000	14.000000	178
0.100000	16.000000	0
0.100000	18.000000	0.02
0.100000	20.000000	180
0.100000	22.000000	0.02
0.100000	24.000000	0.05
0.100000	26.000000	1
0.100000	28.000000	40
0.100000	30.000000	0.05
0.100000	32.000000	2
0.100000	34.000000	0
0.100000	36.000000	0.05
0.100000	38.000000	3
0.100000	40.000000	0.02
0.100000	42.000000	0.05
0.100000	44.000000	4
0.100000	46.000000	42
0.100000	48.000000	0.05
0.100000	50.000000	5
0.100000	52.000000	0.02
0.100000	54.000000	0.05
0.100000	56.000000	6
0.100000	58.000000	0.02
0.100000	60.000000	0.05
0.100000	62.000000	7
0.100000	64.000000	44
0.100000	66.000000	0.05
0.100000	68.000000	8
0.100000	70.000000	1
0.100000	72.000000	0.05
0.100000	74.000000	9
0.100000	76.000000	0.02
0.100000	78.000000	0.05
0.100000	80.000000	10
0.100000	82.000000	46
0.100000	84.000000	0.05
0.100000	86.000000	12
0.100000	88.000000	0
0.100000	90.000000	0.05
0.100000	92.000000	14
0.100000	94.000000	0.02
0.100000	96.000000	0.05
0.100000	98.000000	16
0.100000	100.000000	48
0.100000	102.000000	0.05
0.100000	104.000000	18
0.100000	106.000000	0.02
0.100000	108.000000	0.05
0.100000	110.000000	20
0.100000	112.000000	0.02
0.100000	114.000000	0.05
0.100000	116.000000	22
0.100000	118.000000	50
0.100000	120.000000	0.05
0.100000	122.000000	24
0.100000	124.000000	2
0.100000	126.000000	0.05
0.100000	128.000000	26
0.100000	130.000000	0.02
0.100000	132.000000	0.05
0.100000	134.000000	28
0.100000	136.000000	52
0.100000	138.000000	0.05
0.100000	140.000000	30
0.100000	142.000000	0
0.100000	144.000000	0.05
0.100000	146.000000	32
0.100000	148.000000	0.02
0.100000	150.000000	0.05
0.100000	152.000000	34
0.100000	154.000000	54
0.100000	156.000000	0.05
0.100000	158.000000	36
0.100000	160.000000	0.02
0.100000	162.000000	0.05
0.100000	164.000000	38
0.100000	166.000000	0.02
0.100000	168.000000	0.05
0.100000	170.000000	40
0.100000	172.000000	56
0.100000	174.000000	0.05
0.100000	176.000000	42
0.100000	178.000000	3
0.100000	180.000000	0.05
0.200000	1.000000	46
0.200000	2.000000	58
0.200000	3.000000	0.05
0.200000	4.000000	48
0.200000	5.000000	0
0.200000	6.000000	0.05
0.200000	7.000000	50
0.200000	8.000000	0.02
0.200000	9.000000	0.05
0.200000	10.000000	52
0.200000	12.000000	60
0.200000	14.000000	0.05
0.200000	16.000000	54
0.200000	18.000000	0.02
0.200000	20.000000	0.05
0.200000	22.000000	56
0.200000	24.000000	0.02
0.200000	26.000000	0.05
0.200000	28.000000	58
0.200000	30.000000	62
0.200000	32.000000	0.05
0.200000	34.000000	60
0.200000	36.000000	4
0.200000	38.000000	0.05
0.200000	40.000000	62
0.200000	42.000000	0.02
0.200000	44.000000	0.05
0.200000	46.000000	64
0.200000	48.000000	64
0.200000	50.000000	0.05
0.200000	52.000000	66
0.200000	54.000000	0
0.200000	56.000000	0.05
0.200000	58.000000	68
0.200000	60.000000	0.02
0.200000	62.000000	0.05
0.200000	64.000000	70
0.200000	66.000000	66
0.200000	68.000000	0.05
0.200000	70.000000	72
0.200000	72.000000	0.02
0.200000	74.000000	0.05
0.200000	76.000000	74
0.200000	78.000000	0.02
0.200000	80.000000	0.05
0.200000	82.000000	76
0.200000	84.000000	68
0.200000	86.000000	0.05
0.200000	88.000000	78
0.200000	90.000000	5
0.200000	92.000000	0.05
0.200000	94.000000	80
0.200000	96.000000	0.02
0.200000	98.000000	0.05
0.200000	100.000000	82
0.200000	102.000000	70
0.200000	104.000000	0.05
0.200000	106.000000	84
0.200000	108.000000	0
0.200000	110.000000	0.05
0.200000	112.000000	86
0.200000	114.000000	0.02
0.200000	116.000000	0.05
0.200000	118.000000	88
0.200000	120.000000	72
0.200000	122.000000	0.05
0.200000	124.000000	90
0.200000	126.000000	0.02
0.200000	128.000000	0.05
0.200000	130.000000	92
0.200000	132.000000	0.02
0.200000	134.000000	0.05
0.200000	136.000000	94
0.200000	138.000000	74
0.200000	140.000000	0.05
0.200000	142.000000	96
0.200000	144.000000	6
0.200000	146.000000	0.05
0.200000	148.000000	98
0.200000	150.000000	0.02
0.200000	152.000000	0.05
0.200000	154.000000	100
0.200000	156.000000	76
0.200000	158.000000	0.05
0.200000	160.000000	102
0.200000	162.000000	0
0.200000	164.000000	0.05
0.200000	166.000000	104
0.200000	168.000000	0.02
0.200000	170.000000	0.05
0.200000	172.000000	106
0.200000	174.000000	78
0.200000	176.000000	0.05
0.200000	178.000000	108
0.200000	180.000000	0.02
0.300000	1.000000	0.05
0.300000	2.000000	112
0.300000	3.000000	80
0.300000	4.000000	0.05
0.300000	5.000000	114
0.300000	6.000000	7
0.300000	7.000000	0.05
0.300000	8.000000	116
0.300000	9.000000	0.02
0.300000	10.000000	0.05
0.300000	12.000000	118
0.300000	14.000000	82
0.300000	16.000000	0.05
0.300000	18.000000	120
0.300000	20.000000	0
0.300000	22.000000	0.05
0.300000	24.000000	122
0.300000	26.000000	0.02
0.300000	28.000000	0.05
0.300000	30.000000	124
0.300000	32.000000	84
0.300000	34.000000	0.05
0.300000	36.000000	126
0.300000	38.000000	0.02
0.300000	40.000000	0.05
0.300000	42.000000	128
0.300000	44.000000	0.02
0.300000	46.000000	0.05
0.300000	48.000000	130
0.300000	50.000000	86
0.300000	52.000000	0.05
0.300000	54.000000	132
0.300000	56.000000	8
0.300000	58.000000	0.05
0.300000	60.000000	134
0.300000	62.000000	0.02
0.300000	64.000000	0.05
0.300000	66.000000	136
0.300000	68.000000	88
0.300000	70.000000	0.05
0.300000	72.000000	138
0.300000	74.000000	0
0.300000	76.000000	0.05
0.300000	78.000000	140
0.300000	80.000000	0.02
0.300000	82.000000	0.05
0.300000	84.000000	142
0.300000	86.000000	90
0.300000	88.000000	0.05
0.300000	90.000000	144
0.300000	92.000000	0.02
0.300000	94.000000	0.05
0.300000	96.000000	146
0.300000	98.000000	0.02
0.300000	100.000000	0.05
0.300000	102.000000	148
0.300000	104.000000	92
0.300000	106.000000	0.05
0.300000	108.000000	150
0.300000	110.000000	9
0.300000	112.000000	0.05
0.300000	114.000000	152
0.300000	116.000000	0.02
0.300000	118.000000	0.05
0.300000	120.000000	154
0.300000	122.000000	94
0.300000	124.000000	0.05
0.300000	126.000000	156
0.300000	128.000000	0
0.300000	130.000000	0.05
0.300000	132.000000	158
0.300000	134.000000	0.02
0.300000	136.000000	0.05
0.300000	138.000000	160
0.300000	140.000000	96
0.300000	142.000000	0.05
0.300000	144.000000	162
0.300000	146.000000	0.02
0.300000	148.000000	0.05
0.300000	150.000000	164
0.300000	152.000000	0.02
0.300000	154.000000	0.05
0.300000	156.000000	166
0.300000	158.000000	98
0.300000	160.000000	0.05
0.300000	162.000000	168
0.300000	164.000000	10
0.300000	166.000000	0.05
0.300000	168.000000	170
0.300000	170.000000	0.02
0.300000	172.000000	0.05
0.300000	174.000000	172
0.300000	176.000000	100
0.300000	178.000000	0.05
0.300000	180.000000	174
0.400000	1.000000	0.02
0.400000	2.000000	0.05
0.400000	3.000000	178
0.400000	4.000000	102
0.400000	5.000000	0.05
0.400000	6.000000	180
0.400000	7.000000	0.02
0.400000	8.000000	0.075
0.400000	9.000000	1
0.400000	10.000000	0.02
0.400000	12.000000	0.075
0.400000	14.000000	2
0.400000	16.000000	106
0.400000	18.000000	0.075
0.400000	20.000000	3
0.400000	22.000000	0
0.400000	24.000000	0.075
0.400000	26.000000	4
0.400000	28.000000	0.02
0.400000	30.000000	0.075
0.400000	32.000000	5
0.400000	34.000000	108
0.400000	36.000000	0.075
0.400000	38.000000	6
0.400000	40.000000	0.02
0.400000	42.000000	0.075
0.400000	44.000000	7
0.400000	46.000000	0.02
0.400000	48.000000	0.075
0.400000	50.000000	8
0.400000	52.000000	110
0.400000	54.000000	0.075
0.400000	56.000000	9
0.400000	58.000000	14
0.400000	60.000000	0.075
0.400000	62.000000	10
0.400000	64.000000	0.02
0.400000	66.000000	0.075
0.400000	68.000000	12
0.400000	70.000000	112
0.400000	72.000000	0.075
0.400000	74.000000	14
0.400000	76.000000	0
0.400000	78.000000	0.075
0.400000	80.000000	16
0.400000	82.000000	0.02
0.400000	84.000000	0.075
0.400000	86.000000	18
0.400000	88.000000	114
0.400000	90.000000	0.075
0.400000	92.000000	20
0.400000	94.000000	0.02
0.400000	96.000000	0.075
0.400000	98.000000	22
0.400000	100.000000	0.02
0.400000	102.000000	0.075
0.400000	104.000000	24
0.400000	106.000000	116
0.400000	108.000000	0.075
0.400000	110.000000	26
0.400000	112.000000	16
0.400000	114.000000	0.075
0.400000	116.000000	28
0.400000	118.000000	0.02
0.400000	120.000000	0.075
0.400000	122.000000	30
0.400000	124.000000	118
0.400000	126.000000	0.075
0.400000	128.000000	32
0.400000	130.000000	0
0.400000	132.000000	0.075
0.400000	134.000000	34
0.400000	136.000000	0.02
0.400000	138.000000	0.075
0.400000	140.000000	36
0.400000	142.000000	120
0.400000	144.000000	0.075
0.400000	146.000000	38
0.400000	148.000000	0.02
0.400000	150.000000	0.075
0.400000	152.000000	40
0.400000	154.000000	0.02
0.400000	156.000000	0.075
0.400000	158.000000	42
0.400000	160.000000	122
0.400000	162.000000	0.075
0.400000	164.000000	44
0.400000	166.000000	18
0.400000	168.000000	0.075
0.400000	170.000000	46
0.400000	172.000000	0.02
0.400000	174.000000	0.075
0.400000	176.000000	48
0.400000	178.000000	124
0.400000	180.000000	0.075
0.500000	1.000000	52
0.500000	2.000000	0.02
0.500000	3.000000	0.075
0.500000	4.000000	54
0.500000	5.000000	126
0.500000	6.000000	0.075
0.500000	7.000000	56
0.500000	8.000000	0.02
0.500000	9.000000	0.075
0.500000	10.000000	58
0.500000	12.000000	0.02
0.500000	14.000000	0.075
0.500000	16.000000	60
0.500000	18.000000	128
0.500000	20.000000	0.075
0.500000	22.000000	62
0.500000	24.000000	20
0.500000	26.000000	0.075
0.500000	28.000000	64
0.500000	30.000000	0.02
0.500000	32.000000	0.075
0.500000	34.000000	66
0.500000	36.000000	130
0.500000	38.000000	0.075
0.500000	40.000000	68
0.500000	42.000000	0
0.500000	44.000000	0.075
0.500000	46.000000	70
0.500000	48.000000	0.02
0.500000	50.000000	0.075
0.500000	52.000000	72
0.500000	54.000000	132
0.500000	56.000000	0.075
0.500000	58.000000	74
0.500000	60.000000	0.02
0.500000	62.000000	0.075
0.500000	64.000000	76
0.500000	66.000000	0.02
0.500000	68.000000	0.075
0.500000	70.000000	78
0.500000	72.000000	134
0.500000	74.000000	0.075
0.500000	76.000000	80
0.500000	78.000000	22
0.500000	80.000000	0.075
0.500000	82.000000	82
0.500000	84.000000	0.02
0.500000	86.000000	0.075
0.500000	88.000000	84
0.500000	90.000000	136
0.500000	92.000000	0.075
0.500000	94.000000	86
0.500000	96.000000	0
0.500000	98.000000	0.075
0.500000	100.000000	88
0.500000	102.000000	0.02
0.500000	104.000000	0.075
0.500000	106.000000	90
0.500000	108.000000	138
0.500000	110.000000	0.075
0.500000	112.000000	92
0.500000	114.000000	0.02
0.500000	116.000000	0.075
0.500000	118.000000	94
0.500000	120.000000	0.02
0.500000	122.000000	0.075
0.500000	124.000000	96
0.500000	126.000000	140
0.500000	128.000000	0.075
0.500000	130.000000	98
0.500000	132.000000	24
0.500000	134.000000	0.075
0.500000	136.000000	100
0.500000	138.000000	0.02
0.500000	140.000000	0.075
0.500000	142.000000	102
0.500000	144.000000	142
0.500000	146.000000	0.075
0.500000	148.000000	104
0.500000	150.000000	0
0.500000	152.000000	0.075
0.500000	154.000000	106
0.500000	156.000000	0.02
0.500000	158.000000	0.075
0.500000	160.000000	108
0.500000	162.000000	144
0.500000	164.000000	0.075
0.500000	166.000000	110
0.500000	168.000000	0.02
0.500000	170.000000	0.075
0.500000	172.000000	112
0.500000	174.000000	0.02
0.500000	176.000000	0.075
0.500000	178.000000	114
0.500000	180.000000	146
0.600000	1.000000	0.075
0.600000	2.000000	118
0.600000	3.000000	0.02
0.600000	4.000000	0.075
0.600000	5.000000	120
0.600000	6.000000	148
0.600000	7.000000	0.075
0.600000	8.000000	122
0.600000	9.000000	0
0.600000	10.000000	0.075
0.600000	12.000000	124
0.600000	14.000000	0.02
0.600000	16.000000	0.075
0.600000	18.000000	126
0.600000	20.000000	150
0.600000	22.000000	0.075
0.600000	24.000000	128
0.600000	26.000000	0.02
0.600000	28.000000	0.075
0.600000	30.000000	130
0.600000	32.000000	0.02
0.600000	34.000000	0.075
0.600000	36.000000	132
0.600000	38.000000	152
0.600000	40.000000	0.075
0.600000	42.000000	134
0.600000	44.000000	28
0.600000	46.000000	0.075
0.600000	48.000000	136
0.600000	50.000000	0.02
0.600000	52.000000	0.075
0.600000	54.000000	138
0.600000	56.000000	154
0.600000	58.000000	0.075
0.600000	60.000000	140
0.600000	62.000000	0
0.600000	64.000000	0.075
0.600000	66.000000	142
0.600000	68.000000	0.02
0.600000	70.000000	0.075
0.600000	72.000000	144
0.600000	74.000000	156
0.600000	76.000000	0.075
0.600000	78.000000	146
0.600000	80.000000	0.02
0.600000	82.000000	0.075
0.600000	84.000000	148
0.600000	86.000000	0.02
0.600000	88.000000	0.075
0.600000	90.000000	150
0.600000	92.000000	158
0.600000	94.000000	0.075
0.600000	96.000000	152
0.600000	98.000000	30
0.600000	100.000000	0.075
0.600000	102.000000	154
0.600000	104.000000	0.02
0.600000	106.000000	0.075
0.600000	108.000000	156
0.600000	110.000000	160
0.600000	112.000000	0.075
0.600000	114.000000	158
0.600000	116.000000	0
0.600000	118.000000	0.075
0.600000	120.000000	160
0.600000	122.000000	0.02
0.600000	124.000000	0.075
0.600000	126.000000	162
0.600000	128.000000	162
0.600000	130.000000	0.075
0.600000	132.000000	164
0.600000	134.000000	0.02
0.600000	136.000000	0.075
0.600000	138.000000	166
0.600000	140.000000	0.02
0.600000	142.000000	0.075
0.600000	144.000000	168
0.600000	146.000000	164
0.600000	148.000000	0.075
0.600000	150.000000	170
0.600000	152.000000	32
0.600000	154.000000	0.075
0.600000	156.000000	172
0.600000	158.000000	0.02
0.600000	160.000000	0.075
0.600000	162.000000	174
0.600000	164.000000	166
0.600000	166.000000	0.075
0.600000	168.000000	176
0.600000	170.000000	0
0.600000	172.000000	0.075
0.600000	174.000000	178
0.600000	176.000000	0.02
0.600000	178.000000	0.075
0.600000	180.000000	180
0.700000	1.000000	34
0.700000	2.000000	0.1
0.700000	3.000000	2
0.700000	4.000000	0.02
0.700000	5.000000	0.1
0.700000	6.000000	3
0.700000	7.000000	172
0.700000	8.000000	0.1
0.700000	9.000000	4
0.700000	10.000000	0
0.700000	12.000000	0.1
0.700000	14.000000	5
0.700000	16.000000	0.02
0.700000	18.000000	0.1
0.700000	20.000000	6
0.700000	22.000000	174
0.700000	24.000000	0.1
0.700000	26.000000	7
0.700000	28.000000	0.02
0.700000	30.000000	0.1
0.700000	32.000000	8
0.700000	34.000000	0.02
0.700000	36.000000	0.1
0.700000	38.000000	9
0.700000	40.000000	176
0.700000	42.000000	0.1
0.700000	44.000000	10
0.700000	46.000000	36
0.700000	48.000000	0.1
0.700000	50.000000	12
0.700000	52.000000	0.02
0.700000	54.000000	0.1
0.700000	56.000000	14
0.700000	58.000000	178
0.700000	60.000000	0.1
0.700000	62.000000	16
0.700000	64.000000	0
0.700000	66.000000	0.1
0.700000	68.000000	18
0.700000	70.000000	0.02
0.700000	72.000000	0.1
0.700000	74.000000	20
0.700000	76.000000	180
0.700000	78.000000	0.1
0.700000	80.000000	22
0.700000	82.000000	0.02
0.700000	84.000000	0.1
0.700000	86.000000	24
0.700000	88.000000	0.05
0.700000	90.000000	0.1
0.700000	92.000000	26
0.700000	94.000000	1
0.700000	96.000000	0.1
0.700000	98.000000	28
0.700000	100.000000	40
0.700000	102.000000	0.1
0.700000	104.000000	30
0.700000	106.000000	0.05
0.700000	108.000000	0.1
0.700000	110.000000	32
0.700000	112.000000	2
0.700000	114.000000	0.1
0.700000	116.000000	34
0.700000	118.000000	0
0.700000	120.000000	0.1
0.700000	122.000000	36
0.700000	124.000000	0.05
0.700000	126.000000	0.1
0.700000	128.000000	38
0.700000	130.000000	3
0.700000	132.000000	0.1
0.700000	134.000000	40
0.700000	136.000000	0.02
0.700000	138.000000	0.1
0.700000	140.000000	42
0.700000	142.000000	0.05
0.700000	144.000000	0.1
0.700000	146.000000	44
0.700000	148.000000	4
0.700000	150.000000	0.1
0.700000	152.000000	46
0.700000	154.000000	42
0.700000	156.000000	0.1
0.700000	158.000000	48
0.700000	160.000000	0.05
0.700000	162.000000	0.1
0.700000	164.000000	50
0.700000	166.000000	5
0.700000	168.000000	0.1
0.700000	170.000000	52
0.700000	172.000000	0.02
0.700000	174.000000	0.1
0.700000	176.000000	54
0.700000	178.000000	0.05
0.700000	180.000000	0.1
0.800000	1.000000	58
0.800000	2.000000	0.02
0.800000	3.000000	0.1
0.800000	4.000000	60
0.800000	5.000000	0.05
0.800000	6.000000	0.1
0.800000	7.000000	62
0.800000	8.000000	7
0.800000	9.000000	0.1
0.800000	10.000000	64
0.800000	12.000000	44
0.800000	14.000000	0.1
0.800000	16.000000	66
0.800000	18.000000	0.05
0.800000	20.000000	0.1
0.800000	22.000000	68
0.800000	24.000000	8
0.800000	26.000000	0.1
0.800000	28.000000	70
0.800000	30.000000	1
0.800000	32.000000	0.1
0.800000	34.000000	72
0.800000	36.000000	0.05
0.800000	38.000000	0.1
0.800000	40.000000	74
0.800000	42.000000	9
0.800000	44.000000	0.1
0.800000	46.000000	76
0.800000	48.000000	0.02
0.800000	50.000000	0.1
0.800000	52.000000	78
0.800000	54.000000	0.05
0.800000	56.000000	0.1
0.800000	58.000000	80
0.800000	60.000000	10
0.800000	62.000000	0.1
0.800000	64.000000	82
0.800000	66.000000	46
0.800000	68.000000	0.1
0.800000	70.000000	84
0.800000	72.000000	0.05
0.800000	74.000000	0.1
0.800000	76.000000	86
0.800000	78.000000	12
0.800000	80.000000	0.1
0.800000	82.000000	88
0.800000	84.000000	0
0.800000	86.000000	0.1
0.800000	88.000000	90
0.800000	90.000000	0.05
0.800000	92.000000	0.1
0.800000	94.000000	92
0.800000	96.000000	14
0.800000	98.000000	0.1
0.800000	100.000000	94
0.800000	102.000000	0.02
0.800000	104.000000	0.1
0.800000	106.000000	96
0.800000	108.000000	0.05
0.800000	110.000000	0.1
0.800000	112.000000	98
0.800000	114.000000	16
0.800000	116.000000	0.1
0.800000	118.000000	100
0.800000	120.000000	48
0.800000	122.000000	0.1
0.800000	124.000000	102
0.800000	126.000000	0.05
0.800000	128.000000	0.1
0.800000	130.000000	104
0.800000	132.000000	18
0.800000	134.000000	0.1
0.800000	136.000000	106
0.800000	138.000000	0.02
0.800000	140.000000	0.1
0.800000	142.000000	108
0.800000	144.000000	0.05
0.800000	146.000000	0.1
0.800000	148.000000	110
0.800000	150.000000	20
0.800000	152.000000	0.1
0.800000	154.000000	112
0.800000	156.000000	0.02
0.800000	158.000000	0.1
0.800000	160.000000	114
0.800000	162.000000	0.05
0.800000	164.000000	0.1
0.800000	166.000000	116
0.800000	168.000000	22
0.800000	170.000000	0.1
0.800000	172.000000	118
0.800000	174.000000	50
0.800000	176.000000	0.1
0.800000	178.000000	120
0.800000	180.000000	0.05
0.900000	1.000000	0.1
0.900000	2.000000	124
0.900000	3.000000	2
0.900000	4.000000	0.1
0.900000	5.000000	126
0.900000	6.000000	0.05
0.900000	7.000000	0.1
0.900000	8.000000	128
0.900000	9.000000	26
0.900000	10.000000	0.1
0.900000	12.000000	130
0.900000	14.000000	0.02
0.900000	16.000000	0.1
0.900000	18.000000	132
0.900000	20.000000	0.05
0.900000	22.000000	0.1
0.900000	24.000000	134
0.900000	26.000000	28
0.900000	28.000000	0.1
0.900000	30.000000	136
0.900000	32.000000	52
0.900000	34.000000	0.1
0.900000	36.000000	138
0.900000	38.000000	0.05
0.900000	40.000000	0.1
0.900000	42.000000	140
0.900000	44.000000	30
0.900000	46.000000	0.1
0.900000	48.000000	142
0.900000	50.000000	0
0.900000	52.000000	0.1
0.900000	54.000000	144
0.900000	56.000000	0.05
0.900000	58.000000	0.1
0.900000	60.000000	146
0.900000	62.000000	32
0.900000	64.000000	0.1
0.900000	66.000000	148
0.900000	68.000000	0.02
0.900000	70.000000	0.1
0.900000	72.000000	150
0.900000	74.000000	0.05
0.900000	76.000000	0.1
0.900000	78.000000	152
0.900000	80.000000	34
0.900000	82.000000	0.1
0.900000	84.000000	154
0.900000	86.000000	54
0.900000	88.000000	0.1
0.900000	90.000000	156
0.900000	92.000000	0.05
0.900000	94.000000	0.1
0.900000	96.000000	158
0.900000	98.000000	36
0.900000	100.000000	0.1
0.900000	102.000000	160
0.900000	104.000000	0.02
0.900000	106.000000	0.1
0.900000	108.000000	162
0.900000	110.000000	0.05
0.900000	112.000000	0.1
0.900000	114.000000	164
0.900000	116.000000	38
0.900000	118.000000	0.1
0.900000	120.000000	166
0.900000	122.000000	0.02
0.900000	124.000000	0.1
0.900000	126.000000	168
0.900000	128.000000	0.05
0.900000	130.000000	0.1
0.900000	132.000000	170
0.900000	134.000000	40
0.900000	136.000000	0.1
0.900000	138.000000	172
0.900000	140.000000	56
0.900000	142.000000	0.1
0.900000	144.000000	174
0.900000	146.000000	0.05
0.900000	148.000000	0.1
0.900000	150.000000	176
0.900000	152.000000	42
0.900000	154.000000	0.1
0.900000	156.000000	178
0.900000	158.000000	3
0.900000	160.000000	0.1
0.900000	162.000000	180
0.900000	164.000000	0.05
0.900000	166.000000	0.2
0.900000	168.000000	1
0.900000	170.000000	46
0.900000	172.000000	0.2
0.900000	174.000000	2
0.900000	176.000000	58
0.900000	178.000000	0.2
0.900000	180.000000	3
1.000000	1.000000	48
1.000000	2.000000	0.2
1.000000	3.000000	5
1.000000	4.000000	0
1.000000	5.000000	0.2
1.000000	6.000000	6
1.000000	7.000000	0.05
1.000000	8.000000	0.2
1.000000	9.000000	7
1.000000	10.000000	50
1.000000	12.000000	0.2
1.000000	14.000000	8
1.000000	16.000000	0.02
1.000000	18.000000	0.2
1.000000	20.000000	9
1.000000	22.000000	0.05
1.000000	24.000000	0.2
1.000000	26.000000	10
1.000000	28.000000	52
1.000000	30.000000	0.2
1.000000	32.000000	12
1.000000	34.000000	60
1.000000	36.000000	0.2
1.000000	38.000000	14
1.000000	40.000000	0.05
1.000000	42.000000	0.2
1.000000	44.000000	16
1.000000	46.000000	54
1.000000	48.000000	0.2
1.000000	50.000000	18
1.000000	52.000000	0.02
1.000000	54.000000	0.2
1.000000	56.000000	20
1.000000	58.000000	0.05
1.000000	60.000000	0.2
1.000000	62.000000	22
1.000000	64.000000	56
1.000000	66.000000	0.2
1.000000	68.000000	24
1.000000	70.000000	0.02
1.000000	72.000000	0.2
1.000000	74.000000	26
1.000000	76.000000	0.05
1.000000	78.000000	0.2
1.000000	80.000000	28
1.000000	82.000000	58
1.000000	84.000000	0.2
1.000000	86.000000	30
1.000000	88.000000	62
1.000000	90.000000	0.2
1.000000	92.000000	32
1.000000	94.000000	0.05
1.000000	96.000000	0.2
1.000000	98.000000	34
1.000000	100.000000	60
1.000000	102.000000	0.2
1.000000	104.000000	36
1.000000	106.000000	4
1.000000	108.000000	0.2
1.000000	110.000000	38
1.000000	112.000000	0.05
1.000000	114.000000	0.2
1.000000	116.000000	40
1.000000	118.000000	62
1.000000	120.000000	0.2
1.000000	122.000000	42
1.000000	124.000000	0.02
1.000000	126.000000	0.2
1.000000	128.000000	44
1.000000	130.000000	0.05
1.000000	132.000000	0.2
1.000000	134.000000	46
1.000000	136.000000	64
1.000000	138.000000	0.2
1.000000	140.000000	48
1.000000	142.000000	64
1.000000	144.000000	0.2
1.000000	146.000000	50
1.000000	148.000000	0.05
1.000000	150.000000	0.2
1.000000	152.000000	52
1.000000	154.000000	66
1.000000	156.000000	0.2
1.000000	158.000000	54
1.000000	160.000000	0
1.000000	162.000000	0.2
1.000000	164.000000	56
1.000000	166.000000	0.05
1.000000	168.000000	0.2
1.000000	170.000000	58
1.000000	172.000000	68
1.000000	174.000000	0.2
1.000000	176.000000	60
1.000000	178.000000	0.02
1.000000	180.000000	0.2
2.000000	1.000000	64
2.000000	2.000000	70
2.000000	3.000000	0.2
2.000000	4.000000	66
2.000000	5.000000	66
2.000000	6.000000	0.2
2.000000	7.000000	68
2.000000	8.000000	0.05
2.000000	9.000000	0.2
2.000000	10.000000	70
2.000000	12.000000	72
2.000000	14.000000	0.2
2.000000	16.000000	72
2.000000	18.000000	0.02
2.000000	20.000000	0.2
2.000000	22.000000	74
2.000000	24.000000	0.05
2.000000	26.000000	0.2
2.000000	28.000000	76
2.000000	30.000000	74
2.000000	32.000000	0.2
2.000000	34.000000	78
2.000000	36.000000	0.02
2.000000	38.000000	0.2
2.000000	40.000000	80
2.000000	42.000000	0.05
2.000000	44.000000	0.2
2.000000	46.000000	82
2.000000	48.000000	76
2.000000	50.000000	0.2
2.000000	52.000000	84
2.000000	54.000000	68
2.000000	56.000000	0.2
2.000000	58.000000	86
2.000000	60.000000	0.05
2.000000	62.000000	0.2
2.000000	64.000000	88
2.000000	66.000000	78
2.000000	68.000000	0.2
2.000000	70.000000	90
2.000000	72.000000	5
2.000000	74.000000	0.2
2.000000	76.000000	92
2.000000	78.000000	0.05
2.000000	80.000000	0.2
2.000000	82.000000	94
2.000000	84.000000	80
2.000000	86.000000	0.2
2.000000	88.000000	96
2.000000	90.000000	0.02
2.000000	92.000000	0.2
2.000000	94.000000	98
2.000000	96.000000	0.05
2.000000	98.000000	0.2
2.000000	100.000000	100
2.000000	102.000000	82
2.000000	104.000000	0.2
2.000000	106.000000	102
2.000000	108.000000	70
2.000000	110.000000	0.2
2.000000	112.000000	104
2.000000	114.000000	0.05
2.000000	116.000000	0.2
2.000000	118.000000	106
2.000000	120.000000	84
2.000000	122.000000	0.2
2.000000	124.000000	108
2.000000	126.000000	0
2.000000	128.000000	0.2
2.000000	130.000000	110
2.000000	132.000000	0.05
2.000000	134.000000	0.2
2.000000	136.000000	112
2.000000	138.000000	86
2.000000	140.000000	0.2
2.000000	142.000000	114
2.000000	144.000000	0.02
2.000000	146.000000	0.2
2.000000	148.000000	116
2.000000	150.000000	0.05
2.000000	152.000000	0.2
2.000000	154.000000	118
2.000000	156.000000	88
2.000000	158.000000	0.2
2.000000	160.000000	120
2.000000	162.000000	72
2.000000	164.000000	0.2
2.000000	166.000000	122
2.000000	168.000000	0.05
2.000000	170.000000	0.2
2.000000	172.000000	124
2.000000	174.000000	90
2.000000	176.000000	0.2
2.000000	178.000000	126
2.000000	180.000000	0.02
3.000000	1.000000	0.2
3.000000	2.000000	130
3.000000	3.000000	92
3.000000	4.000000	0.2
3.000000	5.000000	132
3.000000	6.000000	0.02
3.000000	7.000000	0.2
3.000000	8.000000	134
3.000000	9.000000	0.05
3.000000	10.000000	0.2
3.000000	12.000000	136
3.000000	14.000000	94
3.000000	16.000000	0.2
3.000000	18.000000	138
3.000000	20.000000	74
3.000000	22.000000	0.2
3.000000	24.000000	140
3.000000	26.000000	0.05
3.000000	28.000000	0.2
3.000000	30.000000	142
3.000000	32.000000	96
3.000000	34.000000	0.2
3.000000	36.000000	144
3.000000	38.000000	6
3.000000	40.000000	0.2
3.000000	42.000000	146
3.000000	44.000000	0.05
3.000000	46.000000	0.2
3.000000	48.000000	148
3.000000	50.000000	98
3.000000	52.000000	0.2
3.000000	54.000000	150
3.000000	56.000000	0.02
3.000000	58.000000	0.2
3.000000	60.000000	152
3.000000	62.000000	0.05
3.000000	64.000000	0.2
3.000000	66.000000	154
3.000000	68.000000	100
3.000000	70.000000	0.2
3.000000	72.000000	156
3.000000	74.000000	76
3.000000	76.000000	0.2
3.000000	78.000000	158
3.000000	80.000000	0.05
3.000000	82.000000	0.2
3.000000	84.000000	160
3.000000	86.000000	102
3.000000	88.000000	0.2
3.000000	90.000000	162
3.000000	92.000000	0
3.000000	94.000000	0.2
3.000000	96.000000	164
3.000000	98.000000	0.05
3.000000	100.000000	0.2
3.000000	102.000000	166
3.000000	104.000000	104
3.000000	106.000000	0.2
3.000000	108.000000	168
3.000000	110.000000	0.02
3.000000	112.000000	0.2
3.000000	114.000000	170
3.000000	116.000000	0.05
3.000000	118.000000	0.2
3.000000	120.000000	172
3.000000	122.000000	106
3.000000	124.000000	0.2
3.000000	126.000000	174
3.000000	128.000000	78
3.000000	130.000000	0.2
3.000000	132.000000	176
3.000000	134.000000	0.05
3.000000	136.000000	0.2
3.000000	138.000000	178
3.000000	140.000000	108
3.000000	142.000000	0.2
3.000000	144.000000	180
3.000000	146.000000	0.02
3.000000	148.000000	0.3
3.000000	150.000000	1
3.000000	152.000000	0.05
3.000000	154.000000	0.3
3.000000	156.000000	2
3.000000	158.000000	112
3.000000	160.000000	0.3
3.000000	162.000000	3
3.000000	164.000000	80
3.000000	166.000000	0.3
3.000000	168.000000	4
3.000000	170.000000	0.05
3.000000	172.000000	0.3
3.000000	174.000000	5
3.000000	176.000000	114
3.000000	178.000000	0.3
3.000000	180.000000	6
4.000000	1.000000	0.05
4.000000	2.000000	0.3
4.000000	3.000000	8
4.000000	4.000000	116
4.000000	5.000000	0.3
4.000000	6.000000	9
4.000000	7.000000	0.02
4.000000	8.000000	0.3
4.000000	9.000000	10
4.000000	10.000000	0.05
4.000000	12.000000	0.3
4.000000	14.000000	12
4.000000	16.000000	118
4.000000	18.000000	0.3
4.000000	20.000000	14
4.000000	22.000000	82
4.000000	24.000000	0.3
4.000000	26.000000	16
4.000000	28.000000	0.05
4.000000	30.000000	0.3
4.000000	32.000000	18
4.000000	34.000000	120
4.000000	36.000000	0.3
4.000000	38.000000	20
4.000000	40.000000	0
4.000000	42.000000	0.3
4.000000	44.000000	22
4.000000	46.000000	0.05
4.000000	48.000000	0.3
4.000000	50.000000	24
4.000000	52.000000	122
4.000000	54.000000	0.3
4.000000	56.000000	26
4.000000	58.000000	0.02
4.000000	60.000000	0.3
4.000000	62.000000	28
4.000000	64.000000	0.05
4.000000	66.000000	0.3
4.000000	68.000000	30
4.000000	70.000000	124
4.000000	72.000000	0.3
4.000000	74.000000	32
4.000000	76.000000	84
4.000000	78.000000	0.3
4.000000	80.000000	34
4.000000	82.000000	0.05
4.000000	84.000000	0.3
4.000000	86.000000	36
4.000000	88.000000	126
4.000000	90.000000	0.3
4.000000	92.000000	38
4.000000	94.000000	0.02
4.000000	96.000000	0.3
4.000000	98.000000	40
4.000000	100.000000	0.05
4.000000	102.000000	0.3
4.000000	104.000000	42
4.000000	106.000000	128
4.000000	108.000000	0.3
4.000000	110.000000	44
4.000000	112.000000	0.02
4.000000	114.000000	0.3
4.000000	116.000000	46
4.000000	118.000000	0.05
4.000000	120.000000	0.3
4.000000	122.000000	48
4.000000	124.000000	130
4.000000	126.000000	0.3
4.000000	128.000000	50
4.000000	130.000000	86
4.000000	132.000000	0.3
4.000000	134.000000	52
4.000000	136.000000	0.05
4.000000	138.000000	0.3
4.000000	140.000000	54
4.000000	142.000000	132
4.000000	144.000000	0.3
4.000000	146.000000	56
4.000000	148.000000	8
4.000000	150.000000	0.3
4.000000	152.000000	58
4.000000	154.000000	0.05
4.000000	156.000000	0.3
4.000000	158.000000	60
4.000000	160.000000	134
4.000000	162.000000	0.3
4.000000	164.000000	62
4.000000	166.000000	0.02
4.000000	168.000000	0.3
4.000000	170.000000	64
4.000000	172.000000	0.05
4.000000	174.000000	0.3
4.000000	176.000000	66
4.000000	178.000000	136
4.000000	180.000000	0.3
5.000000	1.000000	70
5.000000	2.000000	0.05
5.000000	3.000000	0.3
5.000000	4.000000	72
5.000000	5.000000	138
5.000000	6.000000	0.3
5.000000	7.000000	74
5.000000	8.000000	0
5.000000	9.000000	0.3
5.000000	10.000000	76
5.000000	12.000000	0.05
5.000000	14.000000	0.3
5.000000	16.000000	78
5.000000	18.000000	140
5.000000	20.000000	0.3
5.000000	22.000000	80
5.000000	24.000000	0.02
5.000000	26.000000	0.3
5.000000	28.000000	82
5.000000	30.000000	0.05
5.000000	32.000000	0.3
5.000000	34.000000	84
5.000000	36.000000	142
5.000000	38.000000	0.3
5.000000	40.000000	86
5.000000	42.000000	90
5.000000	44.000000	0.3
5.000000	46.000000	88
5.000000	48.000000	0.05
5.000000	50.000000	0.3
5.000000	52.000000	90
5.000000	54.000000	144
5.000000	56.000000	0.3
5.000000	58.000000	92
5.000000	60.000000	0.02
5.000000	62.000000	0.3
5.000000	64.000000	94
5.000000	66.000000	0.05
5.000000	68.000000	0.3
5.000000	70.000000	96
5.000000	72.000000	146
5.000000	74.000000	0.3
5.000000	76.000000	98
5.000000	78.000000	0.02
5.000000	80.000000	0.3
5.000000	82.000000	100
5.000000	84.000000	0.05
5.000000	86.000000	0.3
5.000000	88.000000	102
5.000000	90.000000	148
5.000000	92.000000	0.3
5.000000	94.000000	104
5.000000	96.000000	92
5.000000	98.000000	0.3
5.000000	100.000000	106
5.000000	102.000000	0.05
5.000000	104.000000	0.3
5.000000	106.000000	108
5.000000	108.000000	150
5.000000	110.000000	0.3
5.000000	112.000000	110
5.000000	114.000000	9
5.000000	116.000000	0.3
5.000000	118.000000	112
5.000000	120.000000	0.05
5.000000	122.000000	0.3
5.000000	124.000000	114
5.000000	126.000000	152
5.000000	128.000000	0.3
5.000000	130.000000	116
5.000000	132.000000	0.02
5.000000	134.000000	0.3
5.000000	136.000000	118
5.000000	138.000000	0.05
5.000000	140.000000	0.3
5.000000	142.000000	120
5.000000	144.000000	154
5.000000	146.000000	0.3
5.000000	148.000000	122
5.000000	150.000000	94
5.000000	152.000000	0.3
5.000000	154.000000	124
5.000000	156.000000	0.05
5.000000	158.000000	0.3
5.000000	160.000000	126
5.000000	162.000000	156
5.000000	164.000000	0.3
5.000000	166.000000	128
5.000000	168.000000	0
5.000000	170.000000	0.3
5.000000	172.000000	130
5.000000	174.000000	0.05
5.000000	176.000000	0.3
5.000000	178.000000	132
5.000000	180.000000	158
6.000000	1.000000	0.3
6.000000	2.000000	136
6.000000	3.000000	0.05
6.000000	4.000000	0.3
6.000000	5.000000	138
6.000000	6.000000	160
6.000000	7.000000	0.3
6.000000	8.000000	140
6.000000	9.000000	96
6.000000	10.000000	0.3
6.000000	12.000000	142
6.000000	14.000000	0.05
6.000000	16.000000	0.3
6.000000	18.000000	144
6.000000	20.000000	162
6.000000	22.000000	0.3
6.000000	24.000000	146
6.000000	26.000000	0.02
6.000000	28.000000	0.3
6.000000	30.000000	148
6.000000	32.000000	0.05
6.000000	34.000000	0.3
6.000000	36.000000	150
6.000000	38.000000	164
6.000000	40.000000	0.3
6.000000	42.000000	152
6.000000	44.000000	0.02
6.000000	46.000000	0.3
6.000000	48.000000	154
6.000000	50.000000	0.05
6.000000	52.000000	0.3
6.000000	54.000000	156
6.000000	56.000000	166
6.000000	58.000000	0.3
6.000000	60.000000	158
6.000000	62.000000	98
6.000000	64.000000	0.3
6.000000	66.000000	160
6.000000	68.000000	0.05
6.000000	70.000000	0.3
6.000000	72.000000	162
6.000000	74.000000	168
6.000000	76.000000	0.3
6.000000	78.000000	164
6.000000	80.000000	10
6.000000	82.000000	0.3
6.000000	84.000000	166
6.000000	86.000000	0.05
6.000000	88.000000	0.3
6.000000	90.000000	168
6.000000	92.000000	170
6.000000	94.000000	0.3
6.000000	96.000000	170
6.000000	98.000000	0.02
6.000000	100.000000	0.3
6.000000	102.000000	172
6.000000	104.000000	0.05
6.000000	106.000000	0.3
6.000000	108.000000	174
6.000000	110.000000	172
6.000000	112.000000	0.3
6.000000	114.000000	176
6.000000	116.000000	100
6.000000	118.000000	0.3
6.000000	120.000000	178
6.000000	122.000000	0.05
6.000000	124.000000	0.3
6.000000	126.000000	180
6.000000	128.000000	174
6.000000	130.000000	0.4
6.000000	132.000000	1
6.000000	134.000000	0.02
6.000000	136.000000	0.4
6.000000	138.000000	2
6.000000	140.000000	0.05
6.000000	142.000000	0.4
6.000000	144.000000	3
6.000000	146.000000	178
6.000000	148.000000	0.4
6.000000	150.000000	4
6.000000	152.000000	102
6.000000	154.000000	0.4
6.000000	156.000000	5
6.000000	158.000000	0.05
6.000000	160.000000	0.4
6.000000	162.000000	6
6.000000	164.000000	180
6.000000	166.000000	0.4
6.000000	168.000000	7
6.000000	170.000000	0.02
6.000000	172.000000	0.4
6.000000	174.000000	8
6.000000	176.000000	0.075
6.000000	178.000000	0.4
6.000000	180.000000	9
7.000000	1.000000	0.02
7.000000	2.000000	0.4
7.000000	3.000000	12
7.000000	4.000000	0.075
7.000000	5.000000	0.4
7.000000	6.000000	14
7.000000	7.000000	2
7.000000	8.000000	0.4
7.000000	9.000000	16
7.000000	10.000000	106
7.000000	12.000000	0.4
7.000000	14.000000	18
7.000000	16.000000	0.075
7.000000	18.000000	0.4
7.000000	20.000000	20
7.000000	22.000000	3
7.000000	24.000000	0.4
7.000000	26.000000	22
7.000000	28.000000	0
7.000000	30.000000	0.4
7.000000	32.000000	24
7.000000	34.000000	0.075
7.000000	36.000000	0.4
7.000000	38.000000	26
7.000000	40.000000	4
7.000000	42.000000	0.4
7.000000	44.000000	28
7.000000	46.000000	0.02
7.000000	48.000000	0.4
7.000000	50.000000	30
7.000000	52.000000	0.075
7.000000	54.000000	0.4
7.000000	56.000000	32
7.000000	58.000000	5
7.000000	60.000000	0.4
7.000000	62.000000	34
7.000000	64.000000	108
7.000000	66.000000	0.4
7.000000	68.000000	36
7.000000	70.000000	0.075
7.000000	72.000000	0.4
7.000000	74.000000	38
7.000000	76.000000	6
7.000000	78.000000	0.4
7.000000	80.000000	40
7.000000	82.000000	0.02
7.000000	84.000000	0.4
7.000000	86.000000	42
7.000000	88.000000	0.075
7.000000	90.000000	0.4
7.000000	92.000000	44
7.000000	94.000000	7
7.000000	96.000000	0.4
7.000000	98.000000	46
7.000000	100.000000	0.02
7.000000	102.000000	0.4
7.000000	104.000000	48
7.000000	106.000000	0.075
7.000000	108.000000	0.4
7.000000	110.000000	50
7.000000	112.000000	8
7.000000	114.000000	0.4
7.000000	116.000000	52
7.000000	118.000000	110
7.000000	120.000000	0.4
7.000000	122.000000	54
7.000000	124.000000	0.075
7.000000	126.000000	0.4
7.000000	128.000000	56
7.000000	130.000000	9
7.000000	132.000000	0.4
7.000000	134.000000	58
7.000000	136.000000	14
7.000000	138.000000	0.4
7.000000	140.000000	60
7.000000	142.000000	0.075
7.000000	144.000000	0.4
7.000000	146.000000	62
7.000000	148.000000	10
7.000000	150.000000	0.4
7.000000	152.000000	64
7.000000	154.000000	0.02
7.000000	156.000000	0.4
7.000000	158.000000	66
7.000000	160.000000	0.075
7.000000	162.000000	0.4
7.000000	164.000000	68
7.000000	166.000000	12
7.000000	168.000000	0.4
7.000000	170.000000	70
7.000000	172.000000	112
7.000000	174.000000	0.4
7.000000	176.000000	72
7.000000	178.000000	0.075
7.000000	180.000000	0.4
8.000000	1.000000	76
8.000000	2.000000	0
8.000000	3.000000	0.4
8.000000	4.000000	78
8.000000	5.000000	0.075
8.000000	6.000000	0.4
8.000000	7.000000	80
8.000000	8.000000	16
8.000000	9.000000	0.4
8.000000	10.000000	82
8.000000	12.000000	0.02
8.000000	14.000000	0.4
8.000000	16.000000	84
8.000000	18.000000	0.075
8.000000	20.000000	0.4
8.000000	22.000000	86
8.000000	24.000000	18
8.000000	26.000000	0.4
8.000000	28.000000	88
8.000000	30.000000	114
8.000000	32.000000	0.4
8.000000	34.000000	90
8.000000	36.000000	0.075
8.000000	38.000000	0.4
8.000000	40.000000	92
8.000000	42.000000	20
8.000000	44.000000	0.4
8.000000	46.000000	94
8.000000	48.000000	0.02
8.000000	50.000000	0.4
8.000000	52.000000	96
8.000000	54.000000	0.075
8.000000	56.000000	0.4
8.000000	58.000000	98
8.000000	60.000000	22
8.000000	62.000000	0.4
8.000000	64.000000	100
8.000000	66.000000	0.02
8.000000	68.000000	0.4
8.000000	70.000000	102
8.000000	72.000000	0.075
8.000000	74.000000	0.4
8.000000	76.000000	104
8.000000	78.000000	24
8.000000	80.000000	0.4
8.000000	82.000000	106
8.000000	84.000000	116
8.000000	86.000000	0.4
8.000000	88.000000	108
8.000000	90.000000	0.075
8.000000	92.000000	0.4
8.000000	94.000000	110
8.000000	96.000000	26
8.000000	98.000000	0.4
8.000000	100.000000	112
8.000000	102.000000	16
8.000000	104.000000	0.4
8.000000	106.000000	114
8.000000	108.000000	0.075
8.000000	110.000000	0.4
8.000000	112.000000	116
8.000000	114.000000	28
8.000000	116.000000	0.4
8.000000	118.000000	118
8.000000	120.000000	0.02
8.000000	122.000000	0.4
8.000000	124.000000	120
8.000000	126.000000	0.075
8.000000	128.000000	0.4
8.000000	130.000000	122
8.000000	132.000000	30
8.000000	134.000000	0.4
8.000000	136.000000	124
8.000000	138.000000	118
8.000000	140.000000	0.4
8.000000	142.000000	126
8.000000	144.000000	0.075
8.000000	146.000000	0.4
8.000000	148.000000	128
8.000000	150.000000	32
8.000000	152.000000	0.4
8.000000	154.000000	130
8.000000	156.000000	0
8.000000	158.000000	0.4
8.000000	160.000000	132
8.000000	162.000000	0.075
8.000000	164.000000	0.4
8.000000	166.000000	134
8.000000	168.000000	34
8.000000	170.000000	0.4
8.000000	172.000000	136
8.000000	174.000000	0.02
8.000000	176.000000	0.4
8.000000	178.000000	138
8.000000	180.000000	0.075
9.000000	1.000000	0.4
9.000000	2.000000	142
9.000000	3.000000	120
9.000000	4.000000	0.4
9.000000	5.000000	144
9.000000	6.000000	0.075
9.000000	7.000000	0.4
9.000000	8.000000	146
9.000000	9.000000	38
9.000000	10.000000	0.4
9.000000	12.000000	148
9.000000	14.000000	0.02
9.000000	16.000000	0.4
9.000000	18.000000	150
9.000000	20.000000	0.075
9.000000	22.000000	0.4
9.000000	24.000000	152
9.000000	26.000000	40
9.000000	28.000000	0.4
9.000000	30.000000	154
9.000000	32.000000	0.02
9.000000	34.000000	0.4
9.000000	36.000000	156
9.000000	38.000000	0.075
9.000000	40.000000	0.4
9.000000	42.000000	158
9.000000	44.000000	42
9.000000	46.000000	0.4
9.000000	48.000000	160
9.000000	50.000000	122
9.000000	52.000000	0.4
9.000000	54.000000	162
9.000000	56.000000	0.075
9.000000	58.000000	0.4
9.000000	60.000000	164
9.000000	62.000000	44
9.000000	64.000000	0.4
9.000000	66.000000	166
9.000000	68.000000	18
9.000000	70.000000	0.4
9.000000	72.000000	168
9.000000	74.000000	0.075
9.000000	76.000000	0.4
9.000000	78.000000	170
9.000000	80.000000	46
9.000000	82.000000	0.4
9.000000	84.000000	172
9.000000	86.000000	0.02
9.000000	88.000000	0.4
9.000000	90.000000	174
9.000000	92.000000	0.075
9.000000	94.000000	0.4
9.000000	96.000000	176
9.000000	98.000000	48
9.000000	100.000000	0.4
9.000000	102.000000	178
9.000000	104.000000	124
9.000000	106.000000	0.4
9.000000	108.000000	180
9.000000	110.000000	0.075
9.000000	112.000000	0.5
9.000000	114.000000	1
9.000000	116.000000	52
9.000000	118.000000	0.5
9.000000	120.000000	2
9.000000	122.000000	0.02
9.000000	124.000000	0.5
9.000000	126.000000	3
9.000000	128.000000	0.075
9.000000	130.000000	0.5
9.000000	132.000000	4
9.000000	134.000000	54
9.000000	136.000000	0.5
9.000000	138.000000	5
9.000000	140.000000	126
9.000000	142.000000	0.5
9.000000	144.000000	6
9.000000	146.000000	0.075
9.000000	148.000000	0.5
9.000000	150.000000	7
9.000000	152.000000	56
9.000000	154.000000	0.5
9.000000	156.000000	8
9.000000	158.000000	0.02
9.000000	160.000000	0.5
9.000000	162.000000	9
9.000000	164.000000	0.075
9.000000	166.000000	0.5
9.000000	168.000000	10
9.000000	170.000000	58
9.000000	172.000000	0.5
9.000000	174.000000	12
9.000000	176.000000	0.02
9.000000	178.000000	0.5
9.000000	180.000000	14
10.000000	1.000000	60
10.000000	2.000000	0.5
10.000000	3.000000	18
10.000000	4.000000	128
10.000000	5.000000	0.5
10.000000	6.000000	20
10.000000	7.000000	0.075
10.000000	8.000000	0.5
10.000000	9.000000	22
10.000000	10.000000	62
10.000000	12.000000	0.5
10.000000	14.000000	24
10.000000	16.000000	20
10.000000	18.000000	0.5
10.000000	20.000000	26
10.000000	22.000000	0.075
10.000000	24.000000	0.5
10.000000	26.000000	28
10.000000	28.000000	64
10.000000	30.000000	0.5
10.000000	32.000000	30
10.000000	34.000000	0.02
10.000000	36.000000	0.5
10.000000	38.000000	32
10.000000	40.000000	0.075
10.000000	42.000000	0.5
10.000000	44.000000	34
10.000000	46.000000	66
10.000000	48.000000	0.5
10.000000	50.000000	36
10.000000	52.000000	130
10.000000	54.000000	0.5
10.000000	56.000000	38
10.000000	58.000000	0.075
10.000000	60.000000	0.5
10.000000	62.000000	40
10.000000	64.000000	68
10.000000	66.000000	0.5
10.000000	68.000000	42
10.000000	70.000000	0
10.000000	72.000000	0.5
10.000000	74.000000	44
10.000000	76.000000	0.075
10.000000	78.000000	0.5
10.000000	80.000000	46
10.000000	82.000000	70
10.000000	84.000000	0.5
10.000000	86.000000	48
10.000000	88.000000	0.02
10.000000	90.000000	0.5
10.000000	92.000000	50
10.000000	94.000000	0.075
10.000000	96.000000	0.5
10.000000	98.000000	52
10.000000	100.000000	72
10.000000	102.000000	0.5
10.000000	104.000000	54
10.000000	106.000000	132
10.000000	108.000000	0.5
10.000000	110.000000	56
10.000000	112.000000	0.075
10.000000	114.000000	0.5
10.000000	116.000000	58
10.000000	118.000000	74
10.000000	120.000000	0.5
10.000000	122.000000	60
10.000000	124.000000	0.02
10.000000	126.000000	0.5
10.000000	128.000000	62
10.000000	130.000000	0.075
10.000000	132.000000	0.5
10.000000	134.000000	64
10.000000	136.000000	76
10.000000	138.000000	0.5
10.000000	140.000000	66
10.000000	142.000000	0.02
10.000000	144.000000	0.5
10.000000	146.000000	68
10.000000	148.000000	0.075
10.000000	150.000000	0.5
10.000000	152.000000	70
10.000000	154.000000	78
10.000000	156.000000	0.5
10.000000	158.000000	72
10.000000	160.000000	134
10.000000	162.000000	0.5
10.000000	164.000000	74
10.000000	166.000000	0.075
10.000000	168.000000	0.5
10.000000	170.000000	76
10.000000	172.000000	80
10.000000	174.000000	0.5
10.000000	176.000000	78
10.000000	178.000000	22
10.000000	180.000000	0.5
15.000000	1.000000	82
15.000000	2.000000	82
15.000000	3.000000	0.5
15.000000	4.000000	84
15.000000	5.000000	0.02
15.000000	6.000000	0.5
15.000000	7.000000	86
15.000000	8.000000	0.075
15.000000	9.000000	0.5
15.000000	10.000000	88
15.000000	12.000000	84
15.000000	14.000000	0.5
15.000000	16.000000	90
15.000000	18.000000	136
15.000000	20.000000	0.5
15.000000	22.000000	92
15.000000	24.000000	0.075
15.000000	26.000000	0.5
15.000000	28.000000	94
15.000000	30.000000	86
15.000000	32.000000	0.5
15.000000	34.000000	96
15.000000	36.000000	0
15.000000	38.000000	0.5
15.000000	40.000000	98
15.000000	42.000000	0.075
15.000000	44.000000	0.5
15.000000	46.000000	100
15.000000	48.000000	88
15.000000	50.000000	0.5
15.000000	52.000000	102
15.000000	54.000000	0.02
15.000000	56.000000	0.5
15.000000	58.000000	104
15.000000	60.000000	0.075
15.000000	62.000000	0.5
15.000000	64.000000	106
15.000000	66.000000	90
15.000000	68.000000	0.5
15.000000	70.000000	108
15.000000	72.000000	138
15.000000	74.000000	0.5
15.000000	76.000000	110
15.000000	78.000000	0.075
15.000000	80.000000	0.5
15.000000	82.000000	112
15.000000	84.000000	92
15.000000	86.000000	0.5
15.000000	88.000000	114
15.000000	90.000000	0.02
15.000000	92.000000	0.5
15.000000	94.000000	116
15.000000	96.000000	0.075
15.000000	98.000000	0.5
15.000000	100.000000	118
15.000000	102.000000	94
15.000000	104.000000	0.5
15.000000	106.000000	120
15.000000	108.000000	0.02
15.000000	110.000000	0.5
15.000000	112.000000	122
15.000000	114.000000	0.075
15.000000	116.000000	0.5
15.000000	118.000000	124
15.000000	120.000000	96
15.000000	122.000000	0.5
15.000000	124.000000	126
15.000000	126.000000	140
15.000000	128.000000	0.5
15.000000	130.000000	128
15.000000	132.000000	0.075
15.000000	134.000000	0.5
15.000000	136.000000	130
15.000000	138.000000	98
15.000000	140.000000	0.5
15.000000	142.000000	132
15.000000	144.000000	24
15.000000	146.000000	0.5
15.000000	148.000000	134
15.000000	150.000000	0.075
15.000000	152.000000	0.5
15.000000	154.000000	136
15.000000	156.000000	100
15.000000	158.000000	0.5
15.000000	160.000000	138
15.000000	162.000000	0.02
15.000000	164.000000	0.5
15.000000	166.000000	140
15.000000	168.000000	0.075
15.000000	170.000000	0.5
15.000000	172.000000	142
15.000000	174.000000	102
15.000000	176.000000	0.5
15.000000	178.000000	144
15.000000	180.000000	142
20.000000	1.000000	0.5
20.000000	2.000000	148
20.000000	3.000000	104
20.000000	4.000000	0.5
20.000000	5.000000	150
20.000000	6.000000	0
20.000000	7.000000	0.5
20.000000	8.000000	152
20.000000	9.000000	0.075
20.000000	10.000000	0.5
20.000000	12.000000	154
20.000000	14.000000	106
20.000000	16.000000	0.5
20.000000	18.000000	156
20.000000	20.000000	0.02
20.000000	22.000000	0.5
20.000000	24.000000	158
20.000000	26.000000	0.075
20.000000	28.000000	0.5
20.000000	30.000000	160
20.000000	32.000000	108
20.000000	34.000000	0.5
20.000000	36.000000	162
20.000000	38.000000	144
20.000000	40.000000	0.5
20.000000	42.000000	164
20.000000	44.000000	0.075
20.000000	46.000000	0.5
20.000000	48.000000	166
20.000000	50.000000	110
20.000000	52.000000	0.5
20.000000	54.000000	168
20.000000	56.000000	0.02
20.000000	58.000000	0.5
20.000000	60.000000	170
20.000000	62.000000	0.075
20.000000	64.000000	0.5
20.000000	66.000000	172
20.000000	68.000000	112
20.000000	70.000000	0.5
20.000000	72.000000	174
20.000000	74.000000	0.02
20.000000	76.000000	0.5
20.000000	78.000000	176
20.000000	80.000000	0.075
20.000000	82.000000	0.5
20.000000	84.000000	178
20.000000	86.000000	114
20.000000	88.000000	0.5
20.000000	90.000000	180
20.000000	92.000000	146
20.000000	94.000000	0.6
20.000000	96.000000	1
20.000000	98.000000	0.075
20.000000	100.000000	0.6
20.000000	102.000000	2
20.000000	104.000000	118
20.000000	106.000000	0.6
20.000000	108.000000	3
20.000000	110.000000	0.02
20.000000	112.000000	0.6
20.000000	114.000000	4
20.000000	116.000000	0.075
20.000000	118.000000	0.6
20.000000	120.000000	5
20.000000	122.000000	120
20.000000	124.000000	0.6
20.000000	126.000000	6
20.000000	128.000000	148
20.000000	130.000000	0.6
20.000000	132.000000	7
20.000000	134.000000	0.075
20.000000	136.000000	0.6
20.000000	138.000000	8
20.000000	140.000000	122
20.000000	142.000000	0.6
20.000000	144.000000	9
20.000000	146.000000	0
20.000000	148.000000	0.6
20.000000	150.000000	10
20.000000	152.000000	0.075
20.000000	154.000000	0.6
20.000000	156.000000	12
20.000000	158.000000	124
20.000000	160.000000	0.6
20.000000	162.000000	14
20.000000	164.000000	0.02
20.000000	166.000000	0.6
20.000000	168.000000	16
20.000000	170.000000	0.075
20.000000	172.000000	0.6
20.000000	174.000000	18
20.000000	176.000000	126
20.000000	178.000000	0.6
20.000000	180.000000	20
25.000000	1.000000	0.075
25.000000	2.000000	0.6
25.000000	3.000000	24
25.000000	4.000000	128
25.000000	5.000000	0.6
25.000000	6.000000	26
25.000000	7.000000	0.02
25.000000	8.000000	0.6
25.000000	9.000000	28
25.000000	10.000000	0.075
25.000000	12.000000	0.6
25.000000	14.000000	30
25.000000	16.000000	130
25.000000	18.000000	0.6
25.000000	20.000000	32
25.000000	22.000000	0.02
25.000000	24.000000	0.6
25.000000	26.000000	34
25.000000	28.000000	0.075
25.000000	30.000000	0.6
25.000000	32.000000	36
25.000000	34.000000	132
25.000000	36.000000	0.6
25.000000	38.000000	38
25.000000	40.000000	152
25.000000	42.000000	0.6
25.000000	44.000000	40
25.000000	46.000000	0.075
25.000000	48.000000	0.6
25.000000	50.000000	42
25.000000	52.000000	134
25.000000	54.000000	0.6
25.000000	56.000000	44
25.000000	58.000000	28
25.000000	60.000000	0.6
25.000000	62.000000	46
25.000000	64.000000	0.075
25.000000	66.000000	0.6
25.000000	68.000000	48
25.000000	70.000000	136
25.000000	72.000000	0.6
25.000000	74.000000	50
25.000000	76.000000	0.02
25.000000	78.000000	0.6
25.000000	80.000000	52
25.000000	82.000000	0.075
25.000000	84.000000	0.6
25.000000	86.000000	54
25.000000	88.000000	138
25.000000	90.000000	0.6
25.000000	92.000000	56
25.000000	94.000000	154
25.000000	96.000000	0.6
25.000000	98.000000	58
25.000000	100.000000	0.075
25.000000	102.000000	0.6
25.000000	104.000000	60
25.000000	106.000000	140
25.000000	108.000000	0.6
25.000000	110.000000	62
25.000000	112.000000	0
25.000000	114.000000	0.6
25.000000	116.000000	64
25.000000	118.000000	0.075
25.000000	120.000000	0.6
25.000000	122.000000	66
25.000000	124.000000	142
25.000000	126.000000	0.6
25.000000	128.000000	68
25.000000	130.000000	0.02
25.000000	132.000000	0.6
25.000000	134.000000	70
25.000000	136.000000	0.075
25.000000	138.000000	0.6
25.000000	140.000000	72
25.000000	142.000000	144
25.000000	144.000000	0.6
25.000000	146.000000	74
25.000000	148.000000	156
25.000000	150.000000	0.6
25.000000	152.000000	76
25.000000	154.000000	0.075
25.000000	156.000000	0.6
25.000000	158.000000	78
25.000000	160.000000	146
25.000000	162.000000	0.6
25.000000	164.000000	80
25.000000	166.000000	0.02
25.000000	168.000000	0.6
25.000000	170.000000	82
25.000000	172.000000	0.075
25.000000	174.000000	0.6
25.000000	176.000000	84
25.000000	178.000000	148
25.000000	180.000000	0.6
30.000000	1.000000	88
30.000000	2.000000	0.075
30.000000	3.000000	0.6
30.000000	4.000000	90
30.000000	5.000000	150
30.000000	6.000000	0.6
30.000000	7.000000	92
30.000000	8.000000	158
30.000000	9.000000	0.6
30.000000	10.000000	94
30.000000	12.000000	0.075
30.000000	14.000000	0.6
30.000000	16.000000	96
30.000000	18.000000	152
30.000000	20.000000	0.6
30.000000	22.000000	98
30.000000	24.000000	30
30.000000	26.000000	0.6
30.000000	28.000000	100
30.000000	30.000000	0.075
30.000000	32.000000	0.6
30.000000	34.000000	102
30.000000	36.000000	154
30.000000	38.000000	0.6
30.000000	40.000000	104
30.000000	42.000000	0.02
30.000000	44.000000	0.6
30.000000	46.000000	106
30.000000	48.000000	0.075
30.000000	50.000000	0.6
30.000000	52.000000	108
30.000000	54.000000	156
30.000000	56.000000	0.6
30.000000	58.000000	110
30.000000	60.000000	160
30.000000	62.000000	0.6
30.000000	64.000000	112
30.000000	66.000000	0.075
30.000000	68.000000	0.6
30.000000	70.000000	114
30.000000	72.000000	158
30.000000	74.000000	0.6
30.000000	76.000000	116
30.000000	78.000000	0
30.000000	80.000000	0.6
30.000000	82.000000	118
30.000000	84.000000	0.075
30.000000	86.000000	0.6
30.000000	88.000000	120
30.000000	90.000000	160
30.000000	92.000000	0.6
30.000000	94.000000	122
30.000000	96.000000	0.02
30.000000	98.000000	0.6
30.000000	100.000000	124
30.000000	102.000000	0.075
30.000000	104.000000	0.6
30.000000	106.000000	126
30.000000	108.000000	162
30.000000	110.000000	0.6
30.000000	112.000000	128
30.000000	114.000000	162
30.000000	116.000000	0.6
30.000000	118.000000	130
30.000000	120.000000	0.075
30.000000	122.000000	0.6
30.000000	124.000000	132
30.000000	126.000000	164
30.000000	128.000000	0.6
30.000000	130.000000	134
30.000000	132.000000	0.02
30.000000	134.000000	0.6
30.000000	136.000000	136
30.000000	138.000000	0.075
30.000000	140.000000	0.6
30.000000	142.000000	138
30.000000	144.000000	166
30.000000	146.000000	0.6
30.000000	148.000000	140
30.000000	150.000000	0.02
30.000000	152.000000	0.6
30.000000	154.000000	142
30.000000	156.000000	0.075
30.000000	158.000000	0.6
30.000000	160.000000	144
30.000000	162.000000	168
30.000000	164.000000	0.6
30.000000	166.000000	146
30.000000	168.000000	164
30.000000	170.000000	0.6
30.000000	172.000000	148
30.000000	174.000000	0.075
30.000000	176.000000	0.6
30.000000	178.000000	150
30.000000	180.000000	170
