2509       -1     1233      892      655      487      366      279      214        0
5967       -1     3064     2257     1684     1268      963      745      578        0
11000       -1     5868     4393     3314     2531     1947     1510     1188       0
17960       -1     9902     7495     5786     4451     3457     2714     2147       0
24830       -1    14000    10740     8344     6496     5069     4022     3205       0
1756       -1    18740    14500    11300     8877     6961     5601     4476        0
2490       -1     1344     1021    13860    10910     8647     6941     5620        0
3845       -1     2044     1541     1178      917      715     9190     7463        0
5429       -1     2884     2166     1647     1269      983      775      608        0
7643       -1     4121     3105     2364     1818     1411     1110      880        0
9720       -1     5368     4040     3081     2379     1848     1453     1152        0
12700       -1     7034     5379     4112     3188     2484     1959     1558       0
14970       -1     8468     6527     5007     3902     3041     2405     1917       0
18330       -1    10600     8198     6377     4950     3888     3079     2459       0
20570       -1    12100     9367     7366     5750     4522     3596     2876       0
22270       -1    13270    10370     8155     6453     5070     4049     3247       0
26880       -1    15830    12350     9710     7682     6091     4887     4109       0
30340       -1    18160    14310    11350     9007     7163     5771     4685       0
28420       -1    19500    15380    12200     9724     7754     6250     5068       0
3318       -1    21190    16740    13370    10670     8557     6930     5627        0
3646       -1    19920    18160    14470    11630     9370     7617     6206        0
4256       -1     2612    18670    16730    13430    10840     8836     7215        0
4673       -1     2897     2317    15610    14440    11560     9473     7767        0
5400       -1     3332     2678     2149    14140    13210    10690     8775        0
5961       -1     3672     2939     2371     1924    12340    11660     9436        0
7036       -1     4383     3468     2745     2268     1801    11510    10900        0
7825       -1     4880     3752     2883     2537     1968     1586    10370        0
8882       -1     5339     4277     3424     2788     2237     1816     1520        0
9617       -1     5861     4667     3756     3043     2450     1989     1629        0
10640       -1     6545     5216     4182     3385     2737     2232     1828       0
11880       -1     7325     5838     4681     3788     3067     2506     2057       0
12960       -1     8036     6415     5146     4161     3373     2759     2261       0
14360       -1     8955     7173     5774     4671     3784     3101     2556       0
15880       -1     9973     7989     6415     5191     4212     3452     2837       0
17020       -1    10730     8627     6978     5672     4610     3776     3105       0
18140       -1    11590     9361     7594     6170     5025     4130     3403       0
19840       -1    12770    10320     8371     6821     5565     4579     3778       0
21210       -1    13670    11090     9024     7390     6035     4968     4108       0
21870       -1    15140    12280     9968     8169     6676     5499     4548       0
22150       -1    15840    12900    10540     8655     7087     5848     4847       0
22040       -1    16480    13420    11010     9047     7448     6173     5113       0
20630       -1    16860    14670    12040     9897     8130     6739     5606       0
21550       -1    17600    15730    12940    10660     8779     7277     6041       0
22340       -1    18640    15810    13830    11410     9400     7810     6515       0
25180       -1    16460    16490    13760    12100    10010     8328     6928       0
26580       -1    17190    15720    14290    12710    10440     8722     7282       0
30610       -1    18420    14850    14890    12460    11070     9199     7703       0
3942       -1    19360    15640    12750    12710    10850     9623     8057        0
4189       -1    21790    17030    13470    11030    11300     9509     8447        0
4341       -1     3140    22490    13900    11390    11430     9722     8659        0
4747       -1     3441    20350    15630    12420    10170    10710     8879        0
5088       -1     3704     3152    22760    13370    10790     8921     9310        0
5344       -1     3926     3349     2854    15410    11500     9422     7838        0
5442       -1     4045     3464     2962     2529    11600     9744     8103        0
5559       -1     4184     3604     3095     2649    12340    10160     8442        0
6233       -1     4618     3954     3379     2882     2455    11490     9385        0
6601       -1     4877     4174     3567     3044     2592     2219    10050        0
6842       -1     5039     4312     3687     3144     2679     2294     8683        0
7217       -1     5265     4500     3849     3283     2796     2392     2048        0
7673       -1     5552     4730     4038     3446     2934     2508     2145        0
8061       -1     5835     4968     4235     3617     3080     2633     2252        0
8042       -1     5875     5020     4286     3660     3120     2673     2291        0
9099       -1     6539     5542     4698     3996     3393     2896     2474        0
9700       -1     6920     5863     4967     4220     3572     3040     2592        0
10300       -1     7308     6194     5260     4442     3758     3201     2728       0
11020       -1     7827     6617     5587     4726     3999     3404     2898       0
11020       -1     8380     7088     5997     5064     4269     3626     3092       0
11550       -1     8781     7427     6276     5314     4482     3799     3225       0
11720       -1     9020     7648     6484     5481     4624     3929     3348       0
12150       -1     9456     8005     6797     5738     4859     4142     3527       0
12610       -1     9927     8397     7142     6048     5128     4368     3712       0
13020       -1     9737     8778     7461     6335     5358     4556     3883       0
12140       -1    10010     9156     7724     6565     5568     4751     4059       0
12170       -1    10160     8786     7915     6767     5757     4920     4194       0
12740       -1    10650     9270     8400     7161     6109     5231     4463       0
13320       -1    11150     9772     8403     7592     6452     5511     4705       0
13690       -1    10520    10190     8789     7954     6762     5793     4967       0
14320       -1    11130    10460     9292     7943     7184     6115     5232       0
13710       -1    11030     9620     9330     8013     7304     6276     5457       0
13740       -1    11300     9878     9592     8292     7122     6466     5561       0
13430       -1    11550    10130     8810     8533     7380     6375     5773       0
13010       -1    12140    10620     9259     8958     7738     6683     6061       0
13130       -1    12240    11180     9781     8445     8187     7072     6098       0
12470       -1    11790    11120     9748     8454     8316     7059     6091       0
12160       -1    10980    11550    10110     8787     7582     7350     6361       0
11380       -1    11040    10820    10330     8999     7779     6728     6567       0
10530       -1    10970     9886    10420     9119     7910     6870     6674       0
9334       -1    10670     9643     9980     8978     7886     6868     5960        0
6925       -1    11180    10270     9112     9219     8399     7325     6350        0
5784       -1    11120    10160     9094     8904     8420     7359     6396        0
5087       -1    10670    10490     9445     8282     8658     7703     6725        0
3236       -1     9278    10790     9931     8708     8398     8070     7035        0
