  0.1191	  3.6003	  0.6079	  2.1756	  1.0000
  0.2435	  3.6003	  0.4064	  1.9851	  1.0000
  0.3678	  3.6003	  0.5017	  2.0477	  1.0000
  0.4921	  3.6003	 -0.3348	  1.1946	  1.0000
  0.6165	  3.6003	 -0.6319	  0.7001	  1.0000
  0.7408	  3.6003	 -3.9375	 -6.2885	  0.0000
  0.8651	  3.6003	 -0.1008	 -2.4226	  0.0000
  0.9894	  3.6003	  0.3401	  0.1598	  0.0000
  1.1138	  3.6003	  3.4958	 -1.4045	  0.0000
  1.2381	  3.6003	  6.0205	 -0.6139	  0.0000
  1.3624	  3.6003	 -0.2914	  0.5784	  1.0000
  1.4867	  3.6003	 -1.3069	  1.7320	  1.0000
  1.6111	  3.6003	 -2.0260	  2.2484	  1.0000
  1.7354	  3.6003	 -2.2696	  2.6814	  1.0000
  1.8597	  3.6003	 -2.0939	  3.0974	  1.0000
  1.9840	  3.6003	 -1.8662	  3.1260	  1.0000
  2.1084	  3.6003	  0.7606	  6.3588	  0.0000
  2.2327	  3.6003	 -0.8124	  2.4359	  1.0000
  2.3570	  3.6003	 -0.1918	  1.9960	  1.0000
  2.4814	  3.6003	 -0.4557	  1.3306	  1.0000
  2.6057	  3.6003	 -0.3410	  0.9485	  1.0000
  2.7300	  3.6003	 -0.7011	  0.4691	  1.0000
  2.8543	  3.6003	 -0.0720	  0.3093	  1.0000
  2.9787	  3.6003	  0.0021	  0.0641	  1.0000
  3.1030	  3.6003	  7.4104	  0.5650	  0.0000
  3.2273	  3.6003	  5.2795	 -1.5809	  0.0000
  3.3516	  3.6003	  0.5688	  0.1377	  1.0000
  3.4760	  3.6003	 -4.7380	 -1.0398	  0.0000
  3.6003	  3.6003	  1.0232	 -0.8664	  0.0000
  3.7246	  3.6003	  3.5524	 -1.3976	  0.0000
  3.8489	  3.6003	  4.5365	 -5.1968	  0.0000
  3.9733	  3.6003	 -2.0377	 -0.3585	  0.0000
  4.0976	  3.6003	 -0.0143	  1.1817	  0.0000
  4.2219	  3.6003	 -0.2648	  0.9245	  1.0000
  4.3462	  3.6003	 -0.2324	  1.1446	  1.0000
  4.4706	  3.6003	 -5.6666	 -4.6902	  0.0000
  4.5949	  3.6003	 -0.2570	  1.2847	  1.0000
  4.7192	  3.6003	 -0.1617	  0.8316	  1.0000
  4.8436	  3.6003	  0.3289	  1.2062	  1.0000
  4.9679	  3.6003	  0.4109	  1.1604	  1.0000
  5.0922	  3.6003	  0.4801	  1.1566	  1.0000
  0.1191	  3.4760	  0.6128	  2.1454	  1.0000
  0.2435	  3.4760	  0.4242	  1.9862	  1.0000
  0.3678	  3.4760	  0.4524	  2.0118	  1.0000
  0.4921	  3.4760	 -0.2658	  1.3475	  1.0000
  0.6165	  3.4760	 -0.5894	  0.9346	  1.0000
  0.7408	  3.4760	 -5.2947	 -0.8130	  0.0000
  0.8651	  3.4760	 -1.5968	  0.5965	  0.0000
  0.9894	  3.4760	 -1.4044	  4.2294	  0.0000
  1.1138	  3.4760	  0.1283	 -5.1611	  0.0000
  1.2381	  3.4760	 -0.3705	  0.5468	  1.0000
  1.3624	  3.4760	 -0.5613	  0.6684	  1.0000
  1.4867	  3.4760	 -1.3417	  1.5925	  1.0000
  1.6111	  3.4760	 -1.8999	  2.0414	  1.0000
  1.7354	  3.4760	 -2.1039	  2.4371	  1.0000
  1.8597	  3.4760	 -1.9578	  2.7761	  1.0000
  1.9840	  3.4760	 -1.7428	  2.7931	  1.0000
  2.1084	  3.4760	 -1.1200	  2.4811	  1.0000
  2.2327	  3.4760	 -0.8141	  2.1951	  1.0000
  2.3570	  3.4760	 -0.5053	  1.9130	  1.0000
  2.4814	  3.4760	 -0.7112	  1.3324	  1.0000
  2.6057	  3.4760	  2.1273	  6.7449	  0.0000
  2.7300	  3.4760	 -0.8199	  0.6337	  1.0000
  2.8543	  3.4760	 -0.5790	  0.4462	  1.0000
  2.9787	  3.4760	 -6.9161	 -1.5189	  0.0000
  3.1030	  3.4760	  7.8120	 -0.4406	  0.0000
  3.2273	  3.4760	 -0.0704	  0.0150	  1.0000
  3.3516	  3.4760	  0.0428	  0.2444	  1.0000
  3.4760	  3.4760	 -0.1751	  0.8819	  1.0000
  3.6003	  3.4760	 -0.3763	  1.0119	  1.0000
  3.7246	  3.4760	 -1.6685	  3.0095	  0.0000
  3.8489	  3.4760	  0.4778	  0.9458	  1.0000
  3.9733	  3.4760	  0.7756	  0.9225	  1.0000
  4.0976	  3.4760	  0.9689	  1.0144	  1.0000
  4.2219	  3.4760	  0.3350	  0.9225	  1.0000
  4.3462	  3.4760	  0.1082	  1.2734	  1.0000
  4.4706	  3.4760	  0.0442	  1.3479	  1.0000
  4.5949	  3.4760	  0.0692	  1.4486	  1.0000
  4.7192	  3.4760	  0.4405	  1.6210	  0.0000
  4.8436	  3.4760	  0.4214	  1.1782	  1.0000
  4.9679	  3.4760	  0.4818	  1.1349	  1.0000
  5.0922	  3.4760	  0.5220	  1.1450	  1.0000
  0.1191	  3.3516	  0.6195	  2.0945	  1.0000
  0.2435	  3.3516	  0.4488	  1.9608	  1.0000
  0.3678	  3.3516	  0.4432	  1.9693	  1.0000
  0.4921	  3.3516	 -0.1943	  1.4209	  1.0000
  0.6165	  3.3516	  3.7851	  5.1328	  0.0000
  0.7408	  3.3516	 -1.1397	  1.1135	  1.0000
  0.8651	  3.3516	 -1.1640	  0.7192	  1.0000
  0.9894	  3.3516	 -1.1627	  0.4185	  1.0000
  1.1138	  3.3516	 -0.8297	  0.6723	  1.0000
  1.2381	  3.3516	 -0.8678	  0.9046	  1.0000
  1.3624	  3.3516	 -0.7301	  0.8076	  1.0000
  1.4867	  3.3516	 -1.3184	  1.4715	  1.0000
  1.6111	  3.3516	 -1.7711	  1.8500	  1.0000
  1.7354	  3.3516	 -7.9220	  6.1037	  0.0000
  1.8597	  3.3516	 -1.8128	  2.4706	  1.0000
  1.9840	  3.3516	 -1.6087	  2.4829	  1.0000
  2.1084	  3.3516	 -1.0718	  2.2085	  1.0000
  2.2327	  3.3516	 -0.7758	  1.9400	  1.0000
  2.3570	  3.3516	 -0.4818	  1.6665	  1.0000
  2.4814	  3.3516	 -0.2752	  1.1475	  1.0000
  2.6057	  3.3516	  2.1265	 -5.6115	  0.0000
  2.7300	  3.3516	 -3.9665	  0.1276	  0.0000
  2.8543	  3.3516	 -0.1450	  0.3361	  1.0000
  2.9787	  3.3516	  0.2616	  0.0348	  1.0000
  3.1030	  3.3516	 -7.2731	  1.4446	  0.0000
  3.2273	  3.3516	 -0.1928	  0.0076	  1.0000
  3.3516	  3.3516	 -0.1261	  0.2228	  1.0000
  3.4760	  3.3516	 -0.3397	  0.7157	  1.0000
  3.6003	  3.3516	 -0.3143	  0.7565	  1.0000
  3.7246	  3.3516	  1.0945	  6.3480	  0.0000
  3.8489	  3.3516	  2.2545	  5.3084	  0.0000
  3.9733	  3.3516	  0.7801	  0.3031	  1.0000
  4.0976	  3.3516	  0.8548	  0.3638	  1.0000
  4.2219	  3.3516	  0.3808	  0.5535	  1.0000
  4.3462	  3.3516	  0.1552	  7.7956	  0.0000
  4.4706	  3.3516	 -0.1555	  1.1695	  1.0000
  4.5949	  3.3516	  0.1813	  1.4298	  1.0000
  4.7192	  3.3516	  0.3227	  1.0579	  1.0000
  4.8436	  3.3516	  0.5067	  1.1484	  1.0000
  4.9679	  3.3516	  0.5464	  1.1104	  1.0000
  5.0922	  3.3516	  0.5571	  1.1311	  1.0000
  0.1191	  3.2273	  0.6203	  1.9749	  1.0000
  0.2435	  3.2273	  0.4714	  1.8777	  1.0000
  0.3678	  3.2273	  0.4764	  1.9209	  1.0000
  0.4921	  3.2273	 -0.0392	  1.6971	  1.0000
  0.6165	  3.2273	 -0.4313	  1.4874	  1.0000
  0.7408	  3.2273	 -1.1006	  1.5760	  1.0000
  0.8651	  3.2273	 -1.4436	  1.1360	  1.0000
  0.9894	  3.2273	 -1.5430	  0.7021	  1.0000
  1.1138	  3.2273	 -1.3594	  0.6398	  1.0000
  1.2381	  3.2273	 -1.3103	  0.6943	  1.0000
  1.3624	  3.2273	 -1.0647	  0.5045	  1.0000
  1.4867	  3.2273	 -1.2938	  1.1208	  1.0000
  1.6111	  3.2273	 -1.6090	  1.5120	  1.0000
  1.7354	  3.2273	 -1.6930	  1.7664	  1.0000
  1.8597	  3.2273	 -1.6602	  1.8742	  1.0000
  1.9840	  3.2273	 -1.4881	  1.8827	  1.0000
  2.1084	  3.2273	 -1.0197	  1.6320	  1.0000
  2.2327	  3.2273	 -0.7560	  1.4196	  1.0000
  2.3570	  3.2273	 -0.4926	  1.2131	  1.0000
  2.4814	  3.2273	 -0.1871	  0.8963	  1.0000
  2.6057	  3.2273	 -4.6720	  2.9211	  0.0000
  2.7300	  3.2273	 -1.2221	  0.0828	  0.0000
  2.8543	  3.2273	  0.3462	  1.7617	  0.0000
  2.9787	  3.2273	 -0.1411	 -0.0511	  1.0000
  3.1030	  3.2273	 -4.8143	 -0.4245	  0.0000
  3.2273	  3.2273	  6.3287	 -0.4453	  0.0000
  3.3516	  3.2273	 -5.9024	  2.0577	  0.0000
  3.4760	  3.2273	  1.5677	 -0.5791	  0.0000
  3.6003	  3.2273	 -4.8565	  2.2146	  0.0000
  3.7246	  3.2273	 -4.2008	  5.9339	  0.0000
  3.8489	  3.2273	  0.0546	 -0.4636	  0.0000
  3.9733	  3.2273	  5.7395	 -2.4787	  0.0000
  4.0976	  3.2273	  0.9179	  0.3711	  1.0000
  4.2219	  3.2273	  0.9824	  0.2503	  1.0000
  4.3462	  3.2273	  2.6135	  5.5172	  0.0000
  4.4706	  3.2273	  0.4182	  0.9288	  1.0000
  4.5949	  3.2273	  0.7124	  1.2356	  1.0000
  4.7192	  3.2273	  0.8273	  0.9018	  1.0000
  4.8436	  3.2273	  0.6456	  1.1137	  1.0000
  4.9679	  3.2273	  0.6537	  1.0942	  1.0000
  5.0922	  3.2273	  0.6136	  1.1125	  1.0000
  0.1191	  3.1030	  0.6243	  1.7944	  1.0000
  0.2435	  3.1030	  0.4973	  1.7241	  1.0000
  0.3678	  3.1030	  0.5157	  1.7926	  1.0000
  0.4921	  3.1030	  0.1848	  1.6721	  1.0000
  0.6165	  3.1030	 -0.1978	  1.4851	  1.0000
  0.7408	  3.1030	 -0.8573	  1.4485	  1.0000
  0.8651	  3.1030	 -1.2757	  1.2294	  1.0000
  0.9894	  3.1030	 -8.6643	  5.9267	  0.0000
  1.1138	  3.1030	 -2.3147	  3.1477	  0.0000
  1.2381	  3.1030	 -1.1971	  0.8375	  1.0000
  1.3624	  3.1030	 -1.0428	  0.7313	  1.0000
  1.4867	  3.1030	 -0.9590	  0.9443	  1.0000
  1.6111	  3.1030	 -1.3586	  1.0237	  1.0000
  1.7354	  3.1030	 -1.3669	  1.2073	  1.0000
  1.8597	  3.1030	 -1.3389	  1.2879	  1.0000
  1.9840	  3.1030	 -1.0624	  1.2889	  1.0000
  2.1084	  3.1030	 -0.8329	  1.1557	  1.0000
  2.2327	  3.1030	 -0.5805	  0.9890	  1.0000
  2.3570	  3.1030	 -0.4361	  0.6058	  1.0000
  2.4814	  3.1030	 -0.0964	  0.3341	  1.0000
  2.6057	  3.1030	  0.0733	  0.1490	  1.0000
  2.7300	  3.1030	  8.4168	 -0.1465	  0.0000
  2.8543	  3.1030	 -0.2354	 -0.2122	  1.0000
  2.9787	  3.1030	  0.0481	 -0.1804	  1.0000
  3.1030	  3.1030	 -0.3679	 -0.1010	  1.0000
  3.2273	  3.1030	 -1.8734	 -0.3327	  0.0000
  3.3516	  3.1030	 -0.6834	  0.0767	  1.0000
  3.4760	  3.1030	 -0.5496	  0.4635	  1.0000
  3.6003	  3.1030	 -0.5421	  0.6049	  1.0000
  3.7246	  3.1030	 -1.3442	 -0.5393	  0.0000
  3.8489	  3.1030	  2.7849	 -1.9140	  0.0000
  3.9733	  3.1030	  8.8522	 -4.9836	  0.0000
  4.0976	  3.1030	  0.8889	  0.0174	  1.0000
  4.2219	  3.1030	 -7.1902	 -3.4460	  0.0000
  4.3462	  3.1030	 -3.3421	 -0.8594	  0.0000
  4.4706	  3.1030	  3.6128	  4.6640	  0.0000
  4.5949	  3.1030	  1.0166	  1.0977	  1.0000
  4.7192	  3.1030	  1.1181	  0.8210	  1.0000
  4.8436	  3.1030	  0.7205	  1.0465	  1.0000
  4.9679	  3.1030	  0.7044	  1.0549	  1.0000
  5.0922	  3.1030	  0.6389	  1.1130	  1.0000
  0.1191	  2.9787	  0.6337	  1.5555	  1.0000
  0.2435	  2.9787	  0.5335	  1.5084	  1.0000
  0.3678	  2.9787	  0.3998	  1.4368	  1.0000
  0.4921	  2.9787	  0.1113	  1.3318	  1.0000
  0.6165	  2.9787	 -0.2531	  1.1500	  1.0000
  0.7408	  2.9787	 -0.8983	  1.1200	  1.0000
  0.8651	  2.9787	 -1.4504	  0.6355	  1.0000
  0.9894	  2.9787	 -1.2061	  0.5665	  1.0000
  1.1138	  2.9787	 -4.0309	 -2.4187	  0.0000
  1.2381	  2.9787	  3.8796	 -3.4883	  0.0000
  1.3624	  2.9787	 -0.9994	  0.1753	  1.0000
  1.4867	  2.9787	 -0.5081	  0.4270	  1.0000
  1.6111	  2.9787	 -0.9247	  0.4201	  1.0000
  1.7354	  2.9787	 -0.8665	  0.5524	  1.0000
  1.8597	  2.9787	 -0.8388	  0.6109	  1.0000
  1.9840	  2.9787	 -0.5807	  0.6118	  1.0000
  2.1084	  2.9787	 -0.6218	  0.6494	  1.0000
  2.2327	  2.9787	 -0.4964	  0.5115	  1.0000
  2.3570	  2.9787	 -0.4741	  0.4400	  1.0000
  2.4814	  2.9787	  0.0176	  0.2299	  1.0000
  2.6057	  2.9787	  0.2017	  0.0791	  1.0000
  2.7300	  2.9787	  0.3612	 -0.1186	  1.0000
  2.8543	  2.9787	  0.2838	 -0.4076	  1.0000
  2.9787	  2.9787	  0.6912	 -0.6131	  1.0000
  3.1030	  2.9787	  0.1389	 -0.5393	  1.0000
  3.2273	  2.9787	  0.3346	 -0.5346	  1.0000
  3.3516	  2.9787	  0.0214	 -0.3632	  1.0000
  3.4760	  2.9787	 -0.1964	 -0.0076	  1.0000
  3.6003	  2.9787	 -0.3480	 -0.0686	  1.0000
  3.7246	  2.9787	 -4.4286	 -1.9459	  0.0000
  3.8489	  2.9787	  0.3499	 -0.4734	  1.0000
  3.9733	  2.9787	  0.4238	 -0.7047	  1.0000
  4.0976	  2.9787	  0.8475	 -0.6039	  1.0000
  4.2219	  2.9787	  1.2208	 -0.4145	  1.0000
  4.3462	  2.9787	  0.7280	  0.1083	  1.0000
  4.4706	  2.9787	  3.6084	 -7.7341	  0.0000
  4.5949	  2.9787	  1.0651	  0.7436	  1.0000
  4.7192	  2.9787	  1.1356	  0.7883	  1.0000
  4.8436	  2.9787	  0.7450	  1.0233	  1.0000
  4.9679	  2.9787	  0.7048	  1.0691	  1.0000
  5.0922	  2.9787	  0.6112	  1.1497	  1.0000
  0.1191	  2.8543	  0.6272	  1.2603	  1.0000
  0.2435	  2.8543	  0.5557	  1.2089	  1.0000
  0.3678	  2.8543	  0.4470	  1.1347	  1.0000
  0.4921	  2.8543	  0.2095	  1.0131	  1.0000
  0.6165	  2.8543	 -0.1111	  0.8133	  1.0000
  0.7408	  2.8543	 -0.7070	  0.7847	  1.0000
  0.8651	  2.8543	 -1.2586	  0.3054	  1.0000
  0.9894	  2.8543	 -1.1793	  0.1625	  1.0000
  1.1138	  2.8543	 -1.2870	 -0.0078	  1.0000
  1.2381	  2.8543	  3.1500	  5.6714	  0.0000
  1.3624	  2.8543	 -1.0181	 -0.2262	  1.0000
  1.4867	  2.8543	 -0.4864	 -0.0136	  1.0000
  1.6111	  2.8543	 -4.0430	  0.1701	  0.0000
  1.7354	  2.8543	  4.2112	 -2.3815	  0.0000
  1.8597	  2.8543	 -0.5625	  0.1562	  1.0000
  1.9840	  2.8543	 -0.3192	  0.1659	  1.0000
  2.1084	  2.8543	 -0.3863	  0.2252	  1.0000
  2.2327	  2.8543	 -0.3027	  0.1265	  1.0000
  2.3570	  2.8543	 -0.1075	 -0.0077	  1.0000
  2.4814	  2.8543	  0.4318	 -0.1782	  1.0000
  2.6057	  2.8543	  0.6150	 -0.3739	  1.0000
  2.7300	  2.8543	  0.7965	 -0.5487	  1.0000
  2.8543	  2.8543	  0.9468	 -0.8264	  1.0000
  2.9787	  2.8543	  0.9368	 -0.9044	  1.0000
  3.1030	  2.8543	  0.5748	 -0.9746	  1.0000
  3.2273	  2.8543	  0.8420	 -0.7176	  1.0000
  3.3516	  2.8543	  0.6912	 -0.6143	  1.0000
  3.4760	  2.8543	  0.5955	 -0.1269	  0.0000
  3.6003	  2.8543	  0.1555	 -0.6703	  1.0000
  3.7246	  2.8543	  0.5062	 -0.7639	  1.0000
  3.8489	  2.8543	  0.2026	 -0.9595	  1.0000
  3.9733	  2.8543	  0.0370	 -1.0706	  1.0000
  4.0976	  2.8543	  0.2817	 -0.9918	  1.0000
  4.2219	  2.8543	  0.8524	 -0.5672	  1.0000
  4.3462	  2.8543	  0.5781	 -0.1318	  1.0000
  4.4706	  2.8543	  5.4473	  1.0996	  0.0000
  4.5949	  2.8543	  0.9291	  0.5570	  1.0000
  4.7192	  2.8543	  1.0724	  0.8218	  1.0000
  4.8436	  2.8543	  0.6649	  1.0793	  1.0000
  4.9679	  2.8543	  0.6203	  1.1470	  1.0000
  5.0922	  2.8543	  0.5302	  1.2282	  1.0000
  0.1191	  2.7300	  0.6173	  0.9385	  1.0000
  0.2435	  2.7300	  0.5685	  0.8755	  1.0000
  0.3678	  2.7300	  0.6042	  0.8883	  1.0000
  0.4921	  2.7300	  0.4171	  0.7475	  1.0000
  0.6165	  2.7300	  0.1434	  0.5200	  1.0000
  0.7408	  2.7300	 -0.1166	  0.2722	  1.0000
  0.8651	  2.7300	 -0.6247	 -0.3081	  1.0000
  0.9894	  2.7300	 -0.6806	 -0.5547	  1.0000
  1.1138	  2.7300	 -3.6138	 -6.6686	  0.0000
  1.2381	  2.7300	  0.9742	  0.2557	  0.0000
  1.3624	  2.7300	 -0.9229	 -0.7151	  1.0000
  1.4867	  2.7300	 -0.4281	 -0.4141	  1.0000
  1.6111	  2.7300	 -0.6319	 -0.3767	  1.0000
  1.7354	  2.7300	 -0.4820	 -0.2940	  1.0000
  1.8597	  2.7300	 -0.4165	 -0.2723	  1.0000
  1.9840	  2.7300	 -0.1610	 -0.2783	  1.0000
  2.1084	  2.7300	 -0.1926	 -0.2052	  1.0000
  2.2327	  2.7300	 -0.0823	 -0.2866	  1.0000
  2.3570	  2.7300	  0.1473	 -0.3915	  1.0000
  2.4814	  2.7300	 -2.0085	 -0.9296	  0.0000
  2.6057	  2.7300	  0.5598	 -0.6595	  1.0000
  2.7300	  2.7300	  0.7440	 -0.8156	  1.0000
  2.8543	  2.7300	  0.9296	 -1.0877	  1.0000
  2.9787	  2.7300	  1.0187	 -1.1514	  1.0000
  3.1030	  2.7300	  0.6662	 -4.7308	  0.0000
  3.2273	  2.7300	  1.3459	 -0.9807	  1.0000
  3.3516	  2.7300	  1.1913	 -0.8756	  1.0000
  3.4760	  2.7300	  5.7960	 -0.4729	  0.0000
  3.6003	  2.7300	  0.3638	 -0.7550	  1.0000
  3.7246	  2.7300	  0.2494	 -0.5995	  1.0000
  3.8489	  2.7300	 -0.1737	 -0.7439	  1.0000
  3.9733	  2.7300	  1.8030	  0.3829	  0.0000
  4.0976	  2.7300	  0.2172	 -0.5001	  1.0000
  4.2219	  2.7300	  0.7606	 -0.2808	  1.0000
  4.3462	  2.7300	  0.7958	 -0.0238	  1.0000
  4.4706	  2.7300	 -0.5461	  1.1943	  0.0000
  4.5949	  2.7300	  0.7909	  0.5655	  1.0000
  4.7192	  2.7300	  0.7521	  0.7898	  1.0000
  4.8436	  2.7300	  0.4547	  1.2253	  1.0000
  4.9679	  2.7300	  0.4180	  1.3085	  1.0000
  5.0922	  2.7300	  0.3513	  1.3866	  1.0000
  0.1191	  2.6057	  0.6124	  0.6300	  1.0000
  0.2435	  2.6057	  0.5910	  0.5580	  1.0000
  0.3678	  2.6057	  0.4671	  0.5085	  1.0000
  0.4921	  2.6057	  0.5469	  0.2175	  1.0000
  0.6165	  2.6057	  0.3373	 -0.0094	  1.0000
  0.7408	  2.6057	  0.1158	 -0.2642	  1.0000
  0.8651	  2.6057	 -0.2796	 -0.7220	  1.0000
  0.9894	  2.6057	 -0.3690	 -0.7460	  1.0000
  1.1138	  2.6057	 -0.8014	 -0.7550	  1.0000
  1.2381	  2.6057	 -4.7346	 -2.6835	  0.0000
  1.3624	  2.6057	 -0.9885	 -0.7299	  1.0000
  1.4867	  2.6057	 -0.3564	 -0.4982	  1.0000
  1.6111	  2.6057	 -0.3633	 -0.6203	  1.0000
  1.7354	  2.6057	 -0.1809	 -0.5524	  1.0000
  1.8597	  2.6057	 -0.1605	 -0.2932	  1.0000
  1.9840	  2.6057	 -0.0727	 -0.3722	  1.0000
  2.1084	  2.6057	 -0.0378	 -0.4072	  1.0000
  2.2327	  2.6057	  0.1293	 -0.4931	  1.0000
  2.3570	  2.6057	  0.3911	 -0.5872	  1.0000
  2.4814	  2.6057	  0.3143	 -0.3550	  0.0000
  2.6057	  2.6057	  1.0989	 -0.9689	  1.0000
  2.7300	  2.6057	  0.9785	 -1.0322	  1.0000
  2.8543	  2.6057	  1.2261	 -1.3256	  1.0000
  2.9787	  2.6057	  1.3090	 -1.3225	  1.0000
  3.1030	  2.6057	  1.3753	 -1.4035	  1.0000
  3.2273	  2.6057	  1.6756	 -1.1584	  1.0000
  3.3516	  2.6057	  1.0750	 -2.6836	  0.0000
  3.4760	  2.6057	  4.2537	  2.6098	  0.0000
  3.6003	  2.6057	  0.6723	 -0.7700	  1.0000
  3.7246	  2.6057	 -1.9219	  1.4278	  0.0000
  3.8489	  2.6057	 -4.8258	 -6.4531	  0.0000
  3.9733	  2.6057	 -0.0301	 -0.4381	  1.0000
  4.0976	  2.6057	  0.0923	 -0.3105	  1.0000
  4.2219	  2.6057	  0.5273	  0.2699	  1.0000
  4.3462	  2.6057	  0.4221	  0.4707	  1.0000
  4.4706	  2.6057	  0.4754	  0.8240	  1.0000
  4.5949	  2.6057	  0.4067	  1.0779	  1.0000
  4.7192	  2.6057	  0.3624	  1.2785	  1.0000
  4.8436	  2.6057	  0.1902	  1.3810	  1.0000
  4.9679	  2.6057	  0.2931	  1.5346	  1.0000
  5.0922	  2.6057	  0.2607	  1.5548	  1.0000
  0.1191	  2.4814	  0.6131	  0.3710	  1.0000
  0.2435	  2.4814	  0.6163	  0.2916	  1.0000
  0.3678	  2.4814	  0.5172	  0.2386	  1.0000
  0.4921	  2.4814	  0.6486	 -0.0634	  1.0000
  0.6165	  2.4814	  3.5164	  2.0642	  0.0000
  0.7408	  2.4814	  0.3284	 -0.5394	  1.0000
  0.8651	  2.4814	 -0.0501	 -0.9797	  1.0000
  0.9894	  2.4814	 -0.3176	 -1.2147	  1.0000
  1.1138	  2.4814	 -0.7954	 -1.1949	  1.0000
  1.2381	  2.4814	 -0.9047	 -1.1977	  1.0000
  1.3624	  2.4814	 -1.2916	 -1.2149	  1.0000
  1.4867	  2.4814	 -0.8372	 -0.8866	  1.0000
  1.6111	  2.4814	 -0.6998	 -0.7895	  1.0000
  1.7354	  2.4814	 -0.8347	 -0.8791	  1.0000
  1.8597	  2.4814	 -0.7133	 -0.7619	  1.0000
  1.9840	  2.4814	 -0.4126	 -0.8257	  1.0000
  2.1084	  2.4814	  0.1668	 -1.1355	  1.0000
  2.2327	  2.4814	  0.3857	 -1.2233	  1.0000
  2.3570	  2.4814	  0.9999	 -1.1593	  1.0000
  2.4814	  2.4814	  1.2203	 -1.3165	  1.0000
  2.6057	  2.4814	  1.6080	 -1.2786	  1.0000
  2.7300	  2.4814	  1.0957	 -1.1279	  1.0000
  2.8543	  2.4814	  1.3331	 -1.3737	  1.0000
  2.9787	  2.4814	  1.5636	 -1.5163	  1.0000
  3.1030	  2.4814	  1.8411	 -1.6424	  1.0000
  3.2273	  2.4814	  2.1475	 -1.4131	  1.0000
  3.3516	  2.4814	  1.9982	 -1.2659	  1.0000
  3.4760	  2.4814	  1.5963	 -0.7748	  1.0000
  3.6003	  2.4814	  0.8916	 -0.6944	  1.0000
  3.7246	  2.4814	  0.4675	 -0.3384	  1.0000
  3.8489	  2.4814	 -0.0635	 -0.3206	  1.0000
  3.9733	  2.4814	 -0.0858	 -0.0904	  1.0000
  4.0976	  2.4814	  0.0529	  0.0612	  1.0000
  4.2219	  2.4814	  0.2748	  0.5984	  1.0000
  4.3462	  2.4814	  0.2344	  0.9041	  1.0000
  4.4706	  2.4814	  0.0817	  1.1180	  1.0000
  4.5949	  2.4814	 -0.1833	  1.5194	  1.0000
  4.7192	  2.4814	 -0.2327	  1.6701	  1.0000
  4.8436	  2.4814	 -0.1846	  1.7727	  1.0000
  4.9679	  2.4814	 -0.2606	  1.7896	  1.0000
  5.0922	  2.4814	 -0.1221	  2.0044	  1.0000
  0.1191	  2.3570	  0.6118	  0.1835	  1.0000
  0.2435	  2.3570	  0.6283	  0.0919	  1.0000
  0.3678	  2.3570	  0.5461	  0.0341	  1.0000
  0.4921	  2.3570	  0.7022	 -0.2737	  1.0000
  0.6165	  2.3570	 -4.0914	 -1.9282	  0.0000
  0.7408	  2.3570	  5.6622	 -4.1119	  0.0000
  0.8651	  2.3570	  0.1749	 -0.8548	  1.0000
  0.9894	  2.3570	 -0.1634	 -1.0925	  1.0000
  1.1138	  2.3570	 -0.6605	 -1.0415	  1.0000
  1.2381	  2.3570	 -0.8036	 -1.0358	  1.0000
  1.3624	  2.3570	 -1.1823	 -1.0724	  1.0000
  1.4867	  2.3570	 -0.8678	 -0.9997	  1.0000
  1.6111	  2.3570	 -0.6789	 -0.8784	  1.0000
  1.7354	  2.3570	  5.8714	  0.2001	  0.0000
  1.8597	  2.3570	 -0.6584	 -0.9055	  1.0000
  1.9840	  2.3570	  0.0215	 -1.0047	  1.0000
  2.1084	  2.3570	 -2.1178	  5.1419	  0.0000
  2.2327	  2.3570	 -4.4367	 -2.6380	  0.0000
  2.3570	  2.3570	  7.9606	 -2.6332	  0.0000
  2.4814	  2.3570	  1.6370	 -1.4328	  1.0000
  2.6057	  2.3570	  1.6289	 -1.3059	  1.0000
  2.7300	  2.3570	  1.2463	 -0.9880	  1.0000
  2.8543	  2.3570	  1.3672	 -1.0928	  1.0000
  2.9787	  2.3570	  1.5102	 -1.3814	  1.0000
  3.1030	  2.3570	  3.3240	 -2.7738	  0.0000
  3.2273	  2.3570	  1.6151	 -0.2761	  0.0000
  3.3516	  2.3570	  1.6374	 -1.1735	  1.0000
  3.4760	  2.3570	  1.1574	 -0.9268	  1.0000
  3.6003	  2.3570	  0.5303	 -0.6237	  1.0000
  3.7246	  2.3570	  0.0568	 -0.2734	  1.0000
  3.8489	  2.3570	 -0.2543	 -0.2308	  1.0000
  3.9733	  2.3570	 -0.1778	  0.0724	  1.0000
  4.0976	  2.3570	  0.0064	  0.3334	  1.0000
  4.2219	  2.3570	  0.5141	  1.0547	  1.0000
  4.3462	  2.3570	  0.3888	  1.4288	  1.0000
  4.4706	  2.3570	  0.2908	  1.5389	  1.0000
  4.5949	  2.3570	 -3.0465	  0.1130	  0.0000
  4.7192	  2.3570	  0.0029	  2.7902	  0.0000
  4.8436	  2.3570	  0.0747	  1.8728	  1.0000
  4.9679	  2.3570	  0.2383	  1.7917	  1.0000
  5.0922	  2.3570	  0.4356	  2.0866	  1.0000
  0.1191	  2.2327	  0.6571	  0.1117	  1.0000
  0.2435	  2.2327	  0.6743	  0.0260	  1.0000
  0.3678	  2.2327	  0.5993	 -0.0260	  1.0000
  0.4921	  2.2327	  0.7707	 -0.3239	  1.0000
  0.6165	  2.2327	  0.6815	 -0.5133	  1.0000
  0.7408	  2.2327	  0.5342	 -0.7029	  1.0000
  0.8651	  2.2327	  0.3126	 -0.8565	  1.0000
  0.9894	  2.2327	  0.1467	 -1.0133	  1.0000
  1.1138	  2.2327	 -0.3520	 -0.9651	  1.0000
  1.2381	  2.2327	 -0.5260	 -0.9783	  1.0000
  1.3624	  2.2327	 -0.9363	 -1.0236	  1.0000
  1.4867	  2.2327	 -0.6795	 -0.9632	  1.0000
  1.6111	  2.2327	 -8.7157	 -2.4216	  0.0000
  1.7354	  2.2327	  0.6871	 -0.9736	  0.0000
  1.8597	  2.2327	 -0.6705	 -1.0247	  1.0000
  1.9840	  2.2327	 -8.1913	 -4.5998	  0.0000
  2.1084	  2.2327	  1.9374	 -4.3028	  0.0000
  2.2327	  2.2327	  0.3441	 -2.0765	  0.0000
  2.3570	  2.2327	  9.9844	 -5.4645	  0.0000
  2.4814	  2.2327	  1.6365	 -1.4376	  1.0000
  2.6057	  2.2327	  1.5738	 -1.2081	  1.0000
  2.7300	  2.2327	  1.1313	 -0.7916	  1.0000
  2.8543	  2.2327	  1.1134	 -0.8018	  1.0000
  2.9787	  2.2327	  1.2353	 -1.0314	  1.0000
  3.1030	  2.2327	  1.5226	 -1.0543	  1.0000
  3.2273	  2.2327	  5.4912	 -5.2038	  0.0000
  3.3516	  2.2327	  6.3014	 -1.9881	  0.0000
  3.4760	  2.2327	  0.9113	 -0.4806	  1.0000
  3.6003	  2.2327	  0.5335	  0.0549	  1.0000
  3.7246	  2.2327	 -0.1191	  0.4390	  1.0000
  3.8489	  2.2327	  0.0255	  0.7150	  1.0000
  3.9733	  2.2327	  0.1286	  0.9946	  1.0000
  4.0976	  2.2327	  0.1025	  0.8483	  1.0000
  4.2219	  2.2327	  0.3711	  1.3314	  1.0000
  4.3462	  2.2327	  0.3603	  1.6695	  1.0000
  4.4706	  2.2327	 -0.0583	  1.6987	  1.0000
  4.5949	  2.2327	  2.6350	  5.2469	  0.0000
  4.7192	  2.2327	 -4.2562	 -0.8174	  0.0000
  4.8436	  2.2327	 -4.7247	  6.6738	  0.0000
  4.9679	  2.2327	  0.2815	  1.7047	  1.0000
  5.0922	  2.2327	  0.5416	  1.8278	  1.0000
  0.1191	  2.1084	  0.7270	  0.1589	  1.0000
  0.2435	  2.1084	  0.7413	  0.0793	  1.0000
  0.3678	  2.1084	  0.5488	 -0.0622	  1.0000
  0.4921	  2.1084	  0.7283	 -0.3515	  1.0000
  0.6165	  2.1084	  0.6579	 -0.5234	  1.0000
  0.7408	  2.1084	  0.5309	 -0.6922	  1.0000
  0.8651	  2.1084	  0.3469	 -0.8376	  1.0000
  0.9894	  2.1084	 -0.6150	 -0.4712	  0.0000
  1.1138	  2.1084	 -0.1285	 -0.8478	  1.0000
  1.2381	  2.1084	 -0.2917	 -0.8802	  1.0000
  1.3624	  2.1084	 -0.7700	 -0.9221	  1.0000
  1.4867	  2.1084	 -0.3095	 -0.7569	  1.0000
  1.6111	  2.1084	 -0.3529	 -0.7572	  1.0000
  1.7354	  2.1084	 -0.5150	 -0.9003	  1.0000
  1.8597	  2.1084	 -0.4155	 -0.8451	  1.0000
  1.9840	  2.1084	  0.2982	 -0.9768	  1.0000
  2.1084	  2.1084	  0.4893	 -1.4895	  1.0000
  2.2327	  2.1084	  9.6861	 -1.5792	  0.0000
  2.3570	  2.1084	 -3.1991	 -3.4735	  0.0000
  2.4814	  2.1084	  1.4170	  0.2181	  0.0000
  2.6057	  2.1084	  1.2724	 -0.9212	  1.0000
  2.7300	  2.1084	  0.6647	 -0.3030	  1.0000
  2.8543	  2.1084	  0.8199	 -0.1783	  1.0000
  2.9787	  2.1084	  0.9212	 -0.0704	  1.0000
  3.1030	  2.1084	  1.1774	 -0.0555	  1.0000
  3.2273	  2.1084	 -0.1460	 -4.8868	  0.0000
  3.3516	  2.1084	  1.0575	  0.0071	  1.0000
  3.4760	  2.1084	  0.5482	  0.3098	  1.0000
  3.6003	  2.1084	 -2.2793	 -0.9192	  0.0000
  3.7246	  2.1084	 -1.1951	 -2.0448	  0.0000
  3.8489	  2.1084	  0.2676	  0.9269	  1.0000
  3.9733	  2.1084	  0.4361	  1.1392	  1.0000
  4.0976	  2.1084	  0.4637	  0.8941	  1.0000
  4.2219	  2.1084	  0.5913	  1.3809	  1.0000
  4.3462	  2.1084	  0.4919	  1.2686	  1.0000
  4.4706	  2.1084	  7.0389	  7.4779	  0.0000
  4.5949	  2.1084	 -2.7043	  3.0275	  0.0000
  4.7192	  2.1084	  2.3639	 -0.3964	  0.0000
  4.8436	  2.1084	  3.4005	  3.0870	  0.0000
  4.9679	  2.1084	  5.0312	  0.3575	  0.0000
  5.0922	  2.1084	  1.1598	  1.7345	  1.0000
  0.1191	  1.9840	  0.8310	  0.3273	  1.0000
  0.2435	  1.9840	  0.8417	  0.2544	  1.0000
  0.3678	  1.9840	  0.8377	  0.1733	  1.0000
  0.4921	  1.9840	  0.8143	  0.0236	  1.0000
  0.6165	  1.9840	  0.7579	 -0.1494	  1.0000
  0.7408	  1.9840	  0.6504	 -0.3183	  1.0000
  0.8651	  1.9840	  0.5084	 -0.4848	  1.0000
  0.9894	  1.9840	  0.3470	 -0.6264	  1.0000
  1.1138	  1.9840	  0.1344	 -0.7395	  1.0000
  1.2381	  1.9840	 -0.0070	 -0.7935	  1.0000
  1.3624	  1.9840	 -0.4959	 -0.8659	  1.0000
  1.4867	  1.9840	 -0.3331	 -0.7505	  1.0000
  1.6111	  1.9840	 -0.4219	 -0.7478	  1.0000
  1.7354	  1.9840	 -0.6668	 -0.8791	  1.0000
  1.8597	  1.9840	 -0.5690	 -1.0564	  1.0000
  1.9840	  1.9840	  0.2616	 -1.0880	  1.0000
  2.1084	  1.9840	  0.3374	 -1.4616	  1.0000
  2.2327	  1.9840	  0.5412	 -1.3685	  1.0000
  2.3570	  1.9840	  0.9371	 -1.1406	  1.0000
  2.4814	  1.9840	  0.8905	 -0.7894	  1.0000
  2.6057	  1.9840	  0.5371	 -0.5181	  1.0000
  2.7300	  1.9840	  0.1837	  0.1105	  1.0000
  2.8543	  1.9840	  0.2726	  0.3435	  1.0000
  2.9787	  1.9840	  0.3426	  0.5875	  1.0000
  3.1030	  1.9840	 -1.5328	  0.5186	  0.0000
  3.2273	  1.9840	  0.5511	  0.7897	  1.0000
  3.3516	  1.9840	  0.5259	  0.7223	  1.0000
  3.4760	  1.9840	  0.1528	  0.9364	  1.0000
  3.6003	  1.9840	  0.0447	  1.0466	  1.0000
  3.7246	  1.9840	 -1.6508	  7.0468	  0.0000
  3.8489	  1.9840	  0.2781	  1.3239	  1.0000
  3.9733	  1.9840	 -5.0688	  3.8027	  0.0000
  4.0976	  1.9840	  7.3746	  3.8426	  0.0000
  4.2219	  1.9840	  0.5580	  1.4989	  1.0000
  4.3462	  1.9840	 -4.5669	 -4.0997	  0.0000
  4.4706	  1.9840	 -0.4079	  2.6392	  0.0000
  4.5949	  1.9840	 -1.7639	  4.4347	  0.0000
  4.7192	  1.9840	 -0.3679	  3.4257	  0.0000
  4.8436	  1.9840	  1.3330	 -1.7040	  0.0000
  4.9679	  1.9840	 -0.6530	  1.3519	  0.0000
  5.0922	  1.9840	  1.6400	  0.9753	  1.0000
  0.1191	  1.8597	  0.9427	  0.5950	  1.0000
  0.2435	  1.8597	  0.9515	  0.5267	  1.0000
  0.3678	  1.8597	  0.9502	  0.4461	  1.0000
  0.4921	  1.8597	  0.9361	  0.2941	  1.0000
  0.6165	  1.8597	  0.8950	  0.1115	  1.0000
  0.7408	  1.8597	  0.8016	 -0.0704	  1.0000
  0.8651	  1.8597	  0.6963	 -0.2711	  1.0000
  0.9894	  1.8597	  0.5695	 -0.4509	  1.0000
  1.1138	  1.8597	  0.3928	 -0.5999	  1.0000
  1.2381	  1.8597	  0.2708	 -0.6825	  1.0000
  1.3624	  1.8597	  0.1015	 -0.7242	  1.0000
  1.4867	  1.8597	  0.2057	 -0.6558	  1.0000
  1.6111	  1.8597	 -1.4863	  0.0143	  0.0000
  1.7354	  1.8597	  5.4821	  2.2880	  0.0000
  1.8597	  1.8597	 -0.1547	 -0.7280	  1.0000
  1.9840	  1.8597	  0.2426	 -0.7250	  1.0000
  2.1084	  1.8597	 -0.1487	 -0.8301	  1.0000
  2.2327	  1.8597	  0.0763	 -0.5321	  1.0000
  2.3570	  1.8597	  0.0046	 -0.4452	  1.0000
  2.4814	  1.8597	 -0.0193	 -0.1951	  1.0000
  2.6057	  1.8597	 -0.3823	  0.0436	  1.0000
  2.7300	  1.8597	 -0.3618	  0.5224	  1.0000
  2.8543	  1.8597	 -0.2398	  0.7618	  1.0000
  2.9787	  1.8597	 -3.6029	  4.2546	  0.0000
  3.1030	  1.8597	  4.8811	  2.8780	  0.0000
  3.2273	  1.8597	 -0.4093	  8.3840	  0.0000
  3.3516	  1.8597	 -0.2854	  1.3621	  1.0000
  3.4760	  1.8597	 -0.4942	  1.8361	  1.0000
  3.6003	  1.8597	 -0.3376	  1.7031	  1.0000
  3.7246	  1.8597	 -0.4283	  1.9132	  1.0000
  3.8489	  1.8597	  0.3383	  1.7906	  1.0000
  3.9733	  1.8597	  0.6331	  1.8455	  1.0000
  4.0976	  1.8597	  7.0962	 -3.4056	  0.0000
  4.2219	  1.8597	  0.6730	  1.3163	  1.0000
  4.3462	  1.8597	  0.6785	  0.6906	  1.0000
  4.4706	  1.8597	 -3.0419	  3.3350	  0.0000
  4.5949	  1.8597	 -1.6803	 -7.7940	  0.0000
  4.7192	  1.8597	 -3.7469	 -8.1961	  0.0000
  4.8436	  1.8597	  8.5748	 -8.2241	  0.0000
  4.9679	  1.8597	 -1.0675	  6.6106	  0.0000
  5.0922	  1.8597	  1.1763	  5.8168	  0.0000
  0.1191	  1.7354	  1.0831	  0.9456	  1.0000
  0.2435	  1.7354	  1.0983	  0.8852	  1.0000
  0.3678	  1.7354	  1.1050	  0.8056	  1.0000
  0.4921	  1.7354	  1.1127	  0.6551	  1.0000
  0.6165	  1.7354	  1.0841	  0.4563	  1.0000
  0.7408	  1.7354	  1.0301	  0.2281	  1.0000
  0.8651	  1.7354	  0.9468	 -0.0219	  1.0000
  0.9894	  1.7354	  0.8391	 -0.2535	  1.0000
  1.1138	  1.7354	  0.7729	 -0.5743	  1.0000
  1.2381	  1.7354	  0.6492	 -0.7016	  1.0000
  1.3624	  1.7354	  0.4255	 -0.7599	  1.0000
  1.4867	  1.7354	  0.4863	 -0.6899	  1.0000
  1.6111	  1.7354	  0.1155	 -0.8065	  1.0000
  1.7354	  1.7354	 -0.0637	 -0.5762	  1.0000
  1.8597	  1.7354	 -0.2673	 -0.5283	  1.0000
  1.9840	  1.7354	 -0.3640	 -0.4358	  1.0000
  2.1084	  1.7354	 -0.7334	 -0.3934	  1.0000
  2.2327	  1.7354	 -0.6500	 -0.0993	  1.0000
  2.3570	  1.7354	 -0.8025	  0.0123	  1.0000
  2.4814	  1.7354	 -0.8409	  0.2292	  1.0000
  2.6057	  1.7354	 -0.8113	  0.4027	  1.0000
  2.7300	  1.7354	 -0.9125	  0.7328	  1.0000
  2.8543	  1.7354	 -0.8507	  1.0115	  1.0000
  2.9787	  1.7354	 -0.9204	  1.5196	  1.0000
  3.1030	  1.7354	 -0.8687	  1.6325	  1.0000
  3.2273	  1.7354	 -1.6784	  4.8904	  0.0000
  3.3516	  1.7354	 -0.7660	  1.7218	  1.0000
  3.4760	  1.7354	 -1.0601	  2.1126	  1.0000
  3.6003	  1.7354	 -0.6210	  1.6945	  1.0000
  3.7246	  1.7354	 -0.7491	  1.9156	  1.0000
  3.8489	  1.7354	  0.2186	  1.9756	  1.0000
  3.9733	  1.7354	  0.6226	  2.2164	  1.0000
  4.0976	  1.7354	  0.9349	  1.3355	  1.0000
  4.2219	  1.7354	  0.6484	  1.3114	  1.0000
  4.3462	  1.7354	 -0.7848	 -1.3290	  0.0000
  4.4706	  1.7354	 -1.2585	  3.7998	  0.0000
  4.5949	  1.7354	  0.1896	 -1.0279	  1.0000
  4.7192	  1.7354	 -3.6784	  2.6044	  0.0000
  4.8436	  1.7354	  0.6525	 -0.7181	  1.0000
  4.9679	  1.7354	 -2.5913	 -2.4768	  0.0000
  5.0922	  1.7354	  9.8676	 -2.4128	  0.0000
  0.1191	  1.6111	  1.1247	  1.3436	  1.0000
  0.2435	  1.6111	  1.1568	  1.2807	  1.0000
  0.3678	  1.6111	  1.1839	  1.1909	  1.0000
  0.4921	  1.6111	  1.2292	  1.0262	  1.0000
  0.6165	  1.6111	  1.2252	  0.7982	  1.0000
  0.7408	  1.6111	  1.1963	  0.5363	  1.0000
  0.8651	  1.6111	  1.1379	  0.2421	  1.0000
  0.9894	  1.6111	  1.0453	 -0.0304	  1.0000
  1.1138	  1.6111	  1.0012	 -0.3878	  1.0000
  1.2381	  1.6111	  0.8840	 -0.5446	  1.0000
  1.3624	  1.6111	  0.6463	 -0.6248	  1.0000
  1.4867	  1.6111	  0.6785	 -0.5450	  1.0000
  1.6111	  1.6111	  0.2556	 -0.6305	  1.0000
  1.7354	  1.6111	  0.6591	 -1.5724	  0.0000
  1.8597	  1.6111	 -4.5996	 -3.9312	  0.0000
  1.9840	  1.6111	  0.2779	  0.9987	  0.0000
  2.1084	  1.6111	 -1.1479	  0.0205	  1.0000
  2.2327	  1.6111	 -1.4511	  0.5186	  1.0000
  2.3570	  1.6111	 -1.6553	  0.6106	  1.0000
  2.4814	  1.6111	 -1.6840	  0.7481	  1.0000
  2.6057	  1.6111	 -1.5785	  0.8153	  1.0000
  2.7300	  1.6111	 -1.3809	  0.9836	  1.0000
  2.8543	  1.6111	 -0.9340	  0.9692	  1.0000
  2.9787	  1.6111	 -1.0891	  1.3060	  1.0000
  3.1030	  1.6111	 -1.0171	  1.3186	  1.0000
  3.2273	  1.6111	 -1.0857	  1.4548	  1.0000
  3.3516	  1.6111	 -1.1320	  1.4441	  1.0000
  3.4760	  1.6111	 -1.4040	  1.6064	  1.0000
  3.6003	  1.6111	 -0.8401	  1.4406	  1.0000
  3.7246	  1.6111	  1.4197	  9.3276	  0.0000
  3.8489	  1.6111	  0.0530	  1.2891	  1.0000
  3.9733	  1.6111	  0.5001	  1.5245	  1.0000
  4.0976	  1.6111	  1.0240	  1.0905	  1.0000
  4.2219	  1.6111	  0.8569	  0.8537	  1.0000
  4.3462	  1.6111	  1.2887	  0.0089	  1.0000
  4.4706	  1.6111	  0.0838	 -1.5349	  0.0000
  4.5949	  1.6111	  3.2062	 -3.7487	  0.0000
  4.7192	  1.6111	  0.3757	 -1.2076	  1.0000
  4.8436	  1.6111	  0.7076	 -1.0822	  1.0000
  4.9679	  1.6111	  2.2064	 -3.7869	  0.0000
  5.0922	  1.6111	  1.9969	  2.0012	  0.0000
  0.1191	  1.4867	  1.1600	  1.6930	  1.0000
  0.2435	  1.4867	  1.4009	  1.7635	  1.0000
  0.3678	  1.4867	  1.4006	  1.6433	  1.0000
  0.4921	  1.4867	  1.4910	  1.4683	  1.0000
  0.6165	  1.4867	  1.5177	  1.2170	  1.0000
  0.7408	  1.4867	  1.4749	  0.9434	  1.0000
  0.8651	  1.4867	  1.2777	  0.5108	  1.0000
  0.9894	  1.4867	  1.1992	  0.2061	  1.0000
  1.1138	  1.4867	  1.1625	 -0.1813	  1.0000
  1.2381	  1.4867	  1.0425	 -0.3574	  1.0000
  1.3624	  1.4867	  2.9993	 -3.5698	  0.0000
  1.4867	  1.4867	  0.6307	 -0.4734	  1.0000
  1.6111	  1.4867	  0.1586	 -0.5107	  1.0000
  1.7354	  1.4867	 -0.2245	 -0.1800	  1.0000
  1.8597	  1.4867	 -0.6356	  0.0004	  1.0000
  1.9840	  1.4867	 -1.0655	  0.2308	  1.0000
  2.1084	  1.4867	 -1.4828	  0.4443	  1.0000
  2.2327	  1.4867	 -2.0682	  0.8645	  1.0000
  2.3570	  1.4867	 -2.2850	  0.8956	  1.0000
  2.4814	  1.4867	 -2.2912	  0.9306	  1.0000
  2.6057	  1.4867	 -2.0869	  0.8896	  1.0000
  2.7300	  1.4867	 -1.6675	  0.7951	  1.0000
  2.8543	  1.4867	 -1.1409	  0.6393	  1.0000
  2.9787	  1.4867	 -1.2473	  0.5984	  1.0000
  3.1030	  1.4867	 -4.1054	  1.6751	  0.0000
  3.2273	  1.4867	 -3.6834	 -1.0367	  0.0000
  3.3516	  1.4867	 -1.3691	  0.8250	  1.0000
  3.4760	  1.4867	 -1.4677	  1.0440	  1.0000
  3.6003	  1.4867	 -1.0199	  0.9253	  1.0000
  3.7246	  1.4867	 -8.6106	 -2.3941	  0.0000
  3.8489	  1.4867	  3.7880	 -2.3505	  0.0000
  3.9733	  1.4867	 -2.9386	  2.2335	  0.0000
  4.0976	  1.4867	  3.4668	  6.1938	  0.0000
  4.2219	  1.4867	  4.5714	  7.8735	  0.0000
  4.3462	  1.4867	  1.1665	  0.5254	  1.0000
  4.4706	  1.4867	  2.1207	 -4.8015	  0.0000
  4.5949	  1.4867	  4.4850	 -0.5540	  0.0000
  4.7192	  1.4867	  0.5454	 -0.5622	  1.0000
  4.8436	  1.4867	  0.6408	 -0.5768	  1.0000
  4.9679	  1.4867	  0.3184	 -0.4832	  1.0000
  5.0922	  1.4867	 -6.0424	 -0.6182	  0.0000
  0.1191	  1.3624	  0.7667	  2.1794	  1.0000
  0.2435	  1.3624	  1.0839	  2.2005	  1.0000
  0.3678	  1.3624	  1.1505	  2.0484	  1.0000
  0.4921	  1.3624	  1.3039	  1.8758	  1.0000
  0.6165	  1.3624	  1.4938	  1.4936	  1.0000
  0.7408	  1.3624	  1.4917	  1.2125	  1.0000
  0.8651	  1.3624	  1.3227	  0.7744	  1.0000
  0.9894	  1.3624	  1.2521	  0.4650	  1.0000
  1.1138	  1.3624	  1.2204	  0.0723	  1.0000
  1.2381	  1.3624	  1.1028	 -0.1021	  1.0000
  1.3624	  1.3624	  0.9146	 -0.1876	  1.0000
  1.4867	  1.3624	  0.6854	 -0.1684	  1.0000
  1.6111	  1.3624	  0.1974	 -0.1689	  1.0000
  1.7354	  1.3624	 -0.2216	  0.2013	  1.0000
  1.8597	  1.3624	 -0.6782	  0.4170	  1.0000
  1.9840	  1.3624	 -1.1914	  0.6423	  1.0000
  2.1084	  1.3624	 -1.6831	  0.8351	  1.0000
  2.2327	  1.3624	 -2.4625	  1.1431	  1.0000
  2.3570	  1.3624	 -2.7009	  1.1035	  1.0000
  2.4814	  1.3624	 -8.9239	  5.8104	  0.0000
  2.6057	  1.3624	 -2.2058	  0.7208	  1.0000
  2.7300	  1.3624	 -1.6058	  0.4353	  1.0000
  2.8543	  1.3624	 -0.8454	  0.2052	  1.0000
  2.9787	  1.3624	  4.1302	 -1.1849	  0.0000
  3.1030	  1.3624	 -1.6891	 -0.2232	  0.0000
  3.2273	  1.3624	 -4.3583	 -2.2369	  0.0000
  3.3516	  1.3624	 -0.7829	 -1.4455	  0.0000
  3.4760	  1.3624	 -1.4594	  0.4901	  1.0000
  3.6003	  1.3624	 -1.1229	  0.4964	  1.0000
  3.7246	  1.3624	 -1.2503	  0.5920	  1.0000
  3.8489	  1.3624	 -1.5130	  4.6003	  0.0000
  3.9733	  1.3624	 -2.7355	  0.3566	  0.0000
  4.0976	  1.3624	  3.4599	 -6.1435	  0.0000
  4.2219	  1.3624	  0.4653	  0.8102	  1.0000
  4.3462	  1.3624	  1.1184	  0.6201	  1.0000
  4.4706	  1.3624	  0.7938	  0.5983	  1.0000
  4.5949	  1.3624	  0.6708	  0.1882	  1.0000
  4.7192	  1.3624	  0.6674	 -0.2208	  1.0000
  4.8436	  1.3624	  0.3078	 -0.1715	  1.0000
  4.9679	  1.3624	 -0.0676	 -0.1554	  1.0000
  5.0922	  1.3624	 -0.0006	 -0.2558	  1.0000
  0.1191	  1.2381	  0.4860	  2.3493	  1.0000
  0.2435	  1.2381	  0.8307	  2.3773	  1.0000
  0.3678	  1.2381	  2.0357	  1.9425	  0.0000
  0.4921	  1.2381	  5.2993	  4.6979	  0.0000
  0.6165	  1.2381	  1.3931	  1.7004	  1.0000
  0.7408	  1.2381	  1.4350	  1.4308	  1.0000
  0.8651	  1.2381	  1.2989	  1.0081	  1.0000
  0.9894	  1.2381	  1.2397	  0.7125	  1.0000
  1.1138	  1.2381	  1.2139	  0.3204	  1.0000
  1.2381	  1.2381	  1.1039	  0.1449	  1.0000
  1.3624	  1.2381	  0.9247	  0.0737	  1.0000
  1.4867	  1.2381	  0.7647	  0.1875	  1.0000
  1.6111	  1.2381	  0.4696	  0.5534	  1.0000
  1.7354	  1.2381	 -0.0234	  1.0703	  1.0000
  1.8597	  1.2381	 -0.4878	  1.3172	  1.0000
  1.9840	  1.2381	 -1.0240	  1.5161	  1.0000
  2.1084	  1.2381	 -1.6075	  1.5761	  1.0000
  2.2327	  1.2381	 -2.5923	  1.4606	  1.0000
  2.3570	  1.2381	 -2.5679	  1.4040	  1.0000
  2.4814	  1.2381	 -7.4598	 -0.0639	  0.0000
  2.6057	  1.2381	 -1.9785	  0.7806	  1.0000
  2.7300	  1.2381	 -1.2855	  0.3875	  1.0000
  2.8543	  1.2381	 -0.4511	  0.0666	  1.0000
  2.9787	  1.2381	 -0.6225	 -0.4663	  1.0000
  3.1030	  1.2381	 -0.5085	 -0.5597	  1.0000
  3.2273	  1.2381	 -0.7821	 -0.3220	  1.0000
  3.3516	  1.2381	  0.0399	  0.7371	  0.0000
  3.4760	  1.2381	 -0.0394	  1.0398	  0.0000
  3.6003	  1.2381	 -1.2741	 -0.1952	  1.0000
  3.7246	  1.2381	 -1.4918	 -0.0988	  1.0000
  3.8489	  1.2381	 -2.9480	 -5.7315	  0.0000
  3.9733	  1.2381	 -0.9097	 -0.0415	  1.0000
  4.0976	  1.2381	 -0.3030	  0.2182	  1.0000
  4.2219	  1.2381	  0.0607	  0.1804	  1.0000
  4.3462	  1.2381	 -1.1657	  5.5959	  0.0000
  4.4706	  1.2381	  0.9772	  0.6759	  1.0000
  4.5949	  1.2381	  1.1040	  0.3865	  1.0000
  4.7192	  1.2381	  1.0942	  0.2404	  1.0000
  4.8436	  1.2381	  0.3042	  0.3679	  1.0000
  4.9679	  1.2381	 -0.1889	  0.1960	  1.0000
  5.0922	  1.2381	 -0.7141	 -0.3392	  1.0000
  0.1191	  1.1138	 -0.2303	  2.2545	  1.0000
  0.2435	  1.1138	 -2.7358	  5.4491	  0.0000
  0.3678	  1.1138	  0.4039	  2.2037	  1.0000
  0.4921	  1.1138	  0.6790	  2.0642	  1.0000
  0.6165	  1.1138	  1.1692	  1.7988	  1.0000
  0.7408	  1.1138	  1.2562	  1.5695	  1.0000
  0.8651	  1.1138	  1.1541	  1.1919	  1.0000
  0.9894	  1.1138	  1.1078	  0.9375	  1.0000
  1.1138	  1.1138	  1.0025	  0.6940	  1.0000
  1.2381	  1.1138	  0.8988	  0.5326	  1.0000
  1.3624	  1.1138	  0.7615	  0.4780	  1.0000
  1.4867	  1.1138	  0.7562	  0.6056	  1.0000
  1.6111	  1.1138	  0.4039	  0.9897	  1.0000
  1.7354	  1.1138	  0.0519	  1.3979	  1.0000
  1.8597	  1.1138	 -0.3781	  1.6471	  1.0000
  1.9840	  1.1138	 -0.8931	  1.8003	  1.0000
  2.1084	  1.1138	 -1.5746	  1.7879	  1.0000
  2.2327	  1.1138	 -2.4362	  1.5774	  1.0000
  2.3570	  1.1138	 -2.5528	  1.4818	  1.0000
  2.4814	  1.1138	 -5.8671	 -0.3520	  0.0000
  2.6057	  1.1138	 -1.9110	  0.9004	  1.0000
  2.7300	  1.1138	 -1.1598	  0.4402	  1.0000
  2.8543	  1.1138	  4.1357	 -4.1955	  0.0000
  2.9787	  1.1138	  1.8331	 -1.7725	  0.0000
  3.1030	  1.1138	  0.0044	 -0.8282	  1.0000
  3.2273	  1.1138	 -0.3197	 -0.5810	  1.0000
  3.3516	  1.1138	 -0.8328	 -0.3876	  1.0000
  3.4760	  1.1138	 -1.0781	 -0.2561	  1.0000
  3.6003	  1.1138	 -1.1342	 -0.1581	  1.0000
  3.7246	  1.1138	 -1.2942	 -0.0896	  1.0000
  3.8489	  1.1138	 -1.2081	 -0.3681	  1.0000
  3.9733	  1.1138	 -1.1841	 -0.4998	  1.0000
  4.0976	  1.1138	 -0.8704	 -0.0860	  1.0000
  4.2219	  1.1138	 -0.4808	 -0.1876	  1.0000
  4.3462	  1.1138	  0.3720	 -0.3604	  0.0000
  4.4706	  1.1138	 -0.0753	  4.5481	  0.0000
  4.5949	  1.1138	 -0.4162	  2.5498	  0.0000
  4.7192	  1.1138	 -4.0187	  2.4792	  0.0000
  4.8436	  1.1138	  0.4412	  0.7439	  1.0000
  4.9679	  1.1138	  0.4350	  0.3985	  1.0000
  5.0922	  1.1138	 -0.3217	 -0.0687	  1.0000
  0.1191	  0.9894	 -0.5666	  2.1159	  1.0000
  0.2435	  0.9894	 -0.1063	  2.1975	  1.0000
  0.3678	  0.9894	  0.1036	  2.1067	  1.0000
  0.4921	  0.9894	  0.4218	  2.0124	  1.0000
  0.6165	  0.9894	  0.9709	  1.8069	  1.0000
  0.7408	  0.9894	  1.0964	  1.6392	  1.0000
  0.8651	  0.9894	  1.0333	  1.3255	  1.0000
  0.9894	  0.9894	  1.0161	  1.1189	  1.0000
  1.1138	  0.9894	  0.9691	  0.9381	  1.0000
  1.2381	  0.9894	  0.8725	  0.7840	  1.0000
  1.3624	  0.9894	  0.6608	  0.4895	  1.0000
  1.4867	  0.9894	  0.7432	  0.5246	  1.0000
  1.6111	  0.9894	  0.4412	  0.9029	  1.0000
  1.7354	  0.9894	  2.3623	  2.1622	  0.0000
  1.8597	  0.9894	  0.2152	  6.5966	  0.0000
  1.9840	  0.9894	 -1.5486	  5.8151	  0.0000
  2.1084	  0.9894	 -1.2855	  1.8901	  1.0000
  2.2327	  0.9894	 -1.8507	  1.4142	  1.0000
  2.3570	  0.9894	 -2.2782	  1.0382	  1.0000
  2.4814	  0.9894	 -2.0380	  0.7058	  1.0000
  2.6057	  0.9894	  3.1035	  5.2453	  0.0000
  2.7300	  0.9894	 -0.6497	 -0.5201	  1.0000
  2.8543	  0.9894	  0.1193	 -0.7279	  1.0000
  2.9787	  0.9894	  0.6246	 -0.9500	  1.0000
  3.1030	  0.9894	  0.5037	 -0.9988	  1.0000
  3.2273	  0.9894	 -0.3994	 -0.4905	  1.0000
  3.3516	  0.9894	 -0.7216	 -0.4296	  1.0000
  3.4760	  0.9894	 -1.0780	 -0.3158	  1.0000
  3.6003	  0.9894	 -1.2527	 -0.4894	  1.0000
  3.7246	  0.9894	 -1.4263	 -0.5136	  1.0000
  3.8489	  0.9894	 -1.1953	 -0.3933	  1.0000
  3.9733	  0.9894	 -1.3428	 -0.3358	  1.0000
  4.0976	  0.9894	 -1.2163	  0.0111	  1.0000
  4.2219	  0.9894	 -5.5680	 -4.8564	  0.0000
  4.3462	  0.9894	 -0.4196	 -2.3985	  0.0000
  4.4706	  0.9894	  2.1877	 -6.2129	  0.0000
  4.5949	  0.9894	  5.5441	  2.7082	  0.0000
  4.7192	  0.9894	  8.6497	  7.0731	  0.0000
  4.8436	  0.9894	  0.5263	 -3.7777	  0.0000
  4.9679	  0.9894	  0.3410	  0.3777	  1.0000
  5.0922	  0.9894	 -6.6577	 -0.7198	  0.0000
  0.1191	  0.8651	 -0.9254	  1.9208	  1.0000
  0.2435	  0.8651	 -5.3000	  0.0668	  0.0000
  0.3678	  0.8651	 -0.3623	  1.8425	  1.0000
  0.4921	  0.8651	 -0.0109	  1.7948	  1.0000
  0.6165	  0.8651	  0.5795	  1.6607	  1.0000
  0.7408	  0.8651	  0.7669	  1.5509	  1.0000
  0.8651	  0.8651	  0.8903	  1.4170	  1.0000
  0.9894	  0.8651	  0.5217	  1.3378	  1.0000
  1.1138	  0.8651	  0.4691	  1.2109	  1.0000
  1.2381	  0.8651	  0.3833	  1.0704	  1.0000
  1.3624	  0.8651	  0.2265	  0.7735	  1.0000
  1.4867	  0.8651	  0.3640	  0.7755	  1.0000
  1.6111	  0.8651	  0.4909	  1.0426	  1.0000
  1.7354	  0.8651	  2.9150	  1.5765	  0.0000
  1.8597	  0.8651	 -2.7671	  1.9265	  0.0000
  1.9840	  0.8651	 -0.3059	  1.8353	  1.0000
  2.1084	  0.8651	 -0.9231	  1.7902	  1.0000
  2.2327	  0.8651	 -1.2359	  1.3106	  1.0000
  2.3570	  0.8651	 -1.6254	  0.8809	  1.0000
  2.4814	  0.8651	 -1.3603	  0.5097	  1.0000
  2.6057	  0.8651	 -4.8966	  1.5621	  0.0000
  2.7300	  0.8651	 -0.5749	  5.2649	  0.0000
  2.8543	  0.8651	  0.4388	 -0.9350	  1.0000
  2.9787	  0.8651	  0.8804	 -1.0888	  1.0000
  3.1030	  0.8651	  0.8717	 -0.9912	  1.0000
  3.2273	  0.8651	 -0.2776	 -0.5053	  1.0000
  3.3516	  0.8651	 -0.6983	 -0.4240	  1.0000
  3.4760	  0.8651	 -1.1117	 -0.3106	  1.0000
  3.6003	  0.8651	 -1.1984	 -0.2632	  1.0000
  3.7246	  0.8651	 -1.4861	 -0.1966	  1.0000
  3.8489	  0.8651	 -0.6751	  0.2060	  1.0000
  3.9733	  0.8651	 -0.8189	  0.2763	  1.0000
  4.0976	  0.8651	 -3.6982	 -0.3214	  0.0000
  4.2219	  0.8651	  0.1150	  0.1422	  0.0000
  4.3462	  0.8651	  0.9574	  6.5738	  0.0000
  4.4706	  0.8651	 -1.7022	 -3.8447	  0.0000
  4.5949	  0.8651	 -4.5703	  4.7941	  0.0000
  4.7192	  0.8651	  7.1371	 -0.5699	  0.0000
  4.8436	  0.8651	  2.6809	 -0.0157	  0.0000
  4.9679	  0.8651	 -0.6095	 -1.0764	  0.0000
  5.0922	  0.8651	 -1.2744	  3.4712	  0.0000
  0.1191	  0.7408	 -0.8208	  1.4942	  1.0000
  0.2435	  0.7408	 -0.5913	  1.5227	  1.0000
  0.3678	  0.7408	 -0.3445	  1.5323	  1.0000
  0.4921	  0.7408	  0.0043	  1.5216	  1.0000
  0.6165	  0.7408	  0.4887	  1.5750	  1.0000
  0.7408	  0.7408	  0.9499	  1.5910	  1.0000
  0.8651	  0.7408	  1.0890	  1.5209	  1.0000
  0.9894	  0.7408	  0.6817	  1.4054	  1.0000
  1.1138	  0.7408	  0.8622	  1.2340	  1.0000
  1.2381	  0.7408	  0.7893	  1.1040	  1.0000
  1.3624	  0.7408	  1.8071	  1.7027	  0.0000
  1.4867	  0.7408	  0.5820	  0.7224	  1.0000
  1.6111	  0.7408	 -2.2793	 -5.2322	  0.0000
  1.7354	  0.7408	  1.5601	 -0.9317	  0.0000
  1.8597	  0.7408	  0.2033	  1.5014	  1.0000
  1.9840	  0.7408	  0.0531	  1.7351	  1.0000
  2.1084	  0.7408	 -0.4703	  1.6302	  1.0000
  2.2327	  0.7408	 -0.5612	  1.1582	  1.0000
  2.3570	  0.7408	 -0.8883	  0.6727	  1.0000
  2.4814	  0.7408	 -0.5932	  0.2670	  1.0000
  2.6057	  0.7408	 -8.7555	 -5.1551	  0.0000
  2.7300	  0.7408	  3.6934	 -5.1168	  0.0000
  2.8543	  0.7408	  7.4506	 -7.0255	  0.0000
  2.9787	  0.7408	  1.3918	 -0.9189	  1.0000
  3.1030	  0.7408	  0.9908	 -0.6984	  1.0000
  3.2273	  0.7408	 -0.0840	 -0.2624	  1.0000
  3.3516	  0.7408	 -0.8413	 -0.2064	  1.0000
  3.4760	  0.7408	 -7.6068	 -0.2346	  0.0000
  3.6003	  0.7408	  0.9013	 -2.5523	  0.0000
  3.7246	  0.7408	 -1.3485	 -0.3245	  1.0000
  3.8489	  0.7408	 -0.1986	 -0.2184	  1.0000
  3.9733	  0.7408	 -3.1373	 -0.7247	  0.0000
  4.0976	  0.7408	  0.9397	  3.0981	  0.0000
  4.2219	  0.7408	 -1.7930	  2.4907	  0.0000
  4.3462	  0.7408	 -3.6629	 -1.9741	  0.0000
  4.4706	  0.7408	  1.9225	 -4.8620	  0.0000
  4.5949	  0.7408	  1.7920	  0.2390	  0.0000
  4.7192	  0.7408	  2.0315	 -1.7846	  0.0000
  4.8436	  0.7408	  0.5050	  0.1414	  1.0000
  4.9679	  0.7408	  0.5538	 -0.0779	  1.0000
  5.0922	  0.7408	 -4.0747	  0.4990	  0.0000
  0.1191	  0.6165	 -0.8214	  1.2763	  1.0000
  0.2435	  0.6165	 -0.6002	  1.3155	  1.0000
  0.3678	  0.6165	 -0.3660	  1.3420	  1.0000
  0.4921	  0.6165	 -0.0317	  1.3618	  1.0000
  0.6165	  0.6165	  0.5698	  1.4111	  1.0000
  0.7408	  0.6165	  0.9356	  1.4581	  1.0000
  0.8651	  0.6165	  0.8793	  1.6582	  1.0000
  0.9894	  0.6165	  0.3914	  1.5322	  1.0000
  1.1138	  0.6165	  0.5663	  1.4472	  1.0000
  1.2381	  0.6165	 -8.5151	  2.9604	  0.0000
  1.3624	  0.6165	  0.2506	  1.3755	  1.0000
  1.4867	  0.6165	  0.5655	  1.1227	  1.0000
  1.6111	  0.6165	  0.9312	  1.2836	  1.0000
  1.7354	  0.6165	  0.6348	  1.3579	  1.0000
  1.8597	  0.6165	  0.5280	  1.3631	  1.0000
  1.9840	  0.6165	  0.3458	  1.2608	  1.0000
  2.1084	  0.6165	  0.0421	  1.1023	  1.0000
  2.2327	  0.6165	  0.0701	  0.7798	  1.0000
  2.3570	  0.6165	 -0.4053	  0.2620	  1.0000
  2.4814	  0.6165	 -0.0963	 -0.0962	  1.0000
  2.6057	  0.6165	  0.3403	 -0.7837	  1.0000
  2.7300	  0.6165	  1.0032	 -1.0364	  1.0000
  2.8543	  0.6165	 -1.1691	 -1.5495	  0.0000
  2.9787	  0.6165	  1.6828	 -0.8721	  1.0000
  3.1030	  0.6165	  1.1544	 -0.6467	  1.0000
  3.2273	  0.6165	 -0.0252	 -0.1956	  1.0000
  3.3516	  0.6165	  5.1634	  2.9530	  0.0000
  3.4760	  0.6165	 -6.8818	 -1.1545	  0.0000
  3.6003	  0.6165	 -1.4144	 -0.1014	  1.0000
  3.7246	  0.6165	 -1.2412	 -0.2056	  1.0000
  3.8489	  0.6165	  0.0150	 -0.0857	  1.0000
  3.9733	  0.6165	  1.3585	  4.4434	  0.0000
  4.0976	  0.6165	  7.3544	  5.0839	  0.0000
  4.2219	  0.6165	  0.0123	  0.5909	  0.0000
  4.3462	  0.6165	  0.3286	  0.3861	  1.0000
  4.4706	  0.6165	 -0.0552	  0.1178	  1.0000
  4.5949	  0.6165	  0.0627	 -0.2255	  1.0000
  4.7192	  0.6165	 -0.8007	  0.0986	  0.0000
  4.8436	  0.6165	 -0.0026	 -0.0431	  1.0000
  4.9679	  0.6165	  0.0820	 -0.2530	  1.0000
  5.0922	  0.6165	 -0.1098	  0.0252	  1.0000
  0.1191	  0.4921	 -0.4018	  1.2252	  1.0000
  0.2435	  0.4921	 -0.2686	  1.2423	  1.0000
  0.3678	  0.4921	 -0.0961	  1.2629	  1.0000
  0.4921	  0.4921	  0.2231	  1.3091	  1.0000
  0.6165	  0.4921	  0.6221	  1.3290	  1.0000
  0.7408	  0.4921	  0.9954	  1.4114	  1.0000
  0.8651	  0.4921	  0.9563	  1.6540	  1.0000
  0.9894	  0.4921	  7.4586	  3.0610	  0.0000
  1.1138	  0.4921	  0.9343	  1.4440	  1.0000
  1.2381	  0.4921	 -0.6134	 -0.9292	  0.0000
  1.3624	  0.4921	  6.3136	 -0.8671	  0.0000
  1.4867	  0.4921	  0.8417	  1.2629	  1.0000
  1.6111	  0.4921	  1.0803	  1.5252	  1.0000
  1.7354	  0.4921	  0.8152	  1.4952	  1.0000
  1.8597	  0.4921	  0.7742	  1.3871	  1.0000
  1.9840	  0.4921	  0.7046	  1.1989	  1.0000
  2.1084	  0.4921	  0.6307	  0.9555	  1.0000
  2.2327	  0.4921	  0.6411	  0.5972	  1.0000
  2.3570	  0.4921	  0.5268	  0.1389	  1.0000
  2.4814	  0.4921	  0.8688	 -0.4007	  1.0000
  2.6057	  0.4921	  1.2589	 -1.0639	  1.0000
  2.7300	  0.4921	  1.8233	 -1.2426	  1.0000
  2.8543	  0.4921	  2.0575	 -2.6823	  0.0000
  2.9787	  0.4921	  9.9903	 -1.0606	  0.0000
  3.1030	  0.4921	  1.2924	 -0.5864	  1.0000
  3.2273	  0.4921	  2.0793	  2.8963	  0.0000
  3.3516	  0.4921	 -7.6414	  0.9863	  0.0000
  3.4760	  0.4921	 -1.3000	  0.0090	  1.0000
  3.6003	  0.4921	 -1.3948	 -0.0816	  1.0000
  3.7246	  0.4921	 -1.1410	 -0.1799	  1.0000
  3.8489	  0.4921	  0.3397	  0.0138	  1.0000
  3.9733	  0.4921	  1.0139	 -4.3392	  0.0000
  4.0976	  0.4921	  7.3801	 -7.2352	  0.0000
  4.2219	  0.4921	  0.6187	  0.1496	  1.0000
  4.3462	  0.4921	  0.4926	  0.2031	  1.0000
  4.4706	  0.4921	 -0.3591	 -0.1678	  1.0000
  4.5949	  0.4921	 -1.2786	 -2.4226	  0.0000
  4.7192	  0.4921	  3.2322	 -3.6089	  0.0000
  4.8436	  0.4921	 -0.4327	 -0.4112	  1.0000
  4.9679	  0.4921	 -0.4148	 -0.5993	  1.0000
  5.0922	  0.4921	 -0.2842	 -0.3058	  1.0000
  0.1191	  0.3678	 -0.2875	  1.1190	  1.0000
  0.2435	  0.3678	 -0.1642	  1.1401	  1.0000
  0.3678	  0.3678	 -0.0010	  1.1621	  1.0000
  0.4921	  0.3678	  0.2855	  1.2120	  1.0000
  0.6165	  0.3678	  0.6426	  1.2572	  1.0000
  0.7408	  0.3678	  1.0052	  1.3626	  1.0000
  0.8651	  0.3678	  3.9154	  0.1013	  0.0000
  0.9894	  0.3678	 -1.4485	  0.8713	  0.0000
  1.1138	  0.3678	 -4.0295	  6.8138	  0.0000
  1.2381	  0.3678	 -1.4502	 -0.1094	  0.0000
  1.3624	  0.3678	  0.4203	  2.2927	  1.0000
  1.4867	  0.3678	  0.6051	  2.1952	  1.0000
  1.6111	  0.3678	  4.3556	  8.0873	  0.0000
  1.7354	  0.3678	  0.8223	  2.2702	  1.0000
  1.8597	  0.3678	  1.0402	  1.8277	  1.0000
  1.9840	  0.3678	  0.8836	  0.9754	  1.0000
  2.1084	  0.3678	  1.1192	  0.6329	  1.0000
  2.2327	  0.3678	  1.2094	  0.2252	  1.0000
  2.3570	  0.3678	  1.6495	 -0.1490	  1.0000
  2.4814	  0.3678	  1.7417	 -0.2729	  1.0000
  2.6057	  0.3678	  1.8418	 -0.3683	  1.0000
  2.7300	  0.3678	  2.1356	 -0.5787	  1.0000
  2.8543	  0.3678	  2.1948	 -0.8122	  1.0000
  2.9787	  0.3678	  1.8167	 -0.4807	  1.0000
  3.1030	  0.3678	  1.0463	 -0.3819	  1.0000
  3.2273	  0.3678	  0.2227	 -0.2384	  1.0000
  3.3516	  0.3678	 -1.1089	 -0.3805	  1.0000
  3.4760	  0.3678	 -1.6142	 -0.0313	  1.0000
  3.6003	  0.3678	 -1.7751	  0.0771	  1.0000
  3.7246	  0.3678	 -1.1276	  0.0424	  1.0000
  3.8489	  0.3678	  0.0920	  0.1630	  1.0000
  3.9733	  0.3678	  0.7870	  0.6573	  1.0000
  4.0976	  0.3678	  0.9063	  0.6414	  1.0000
  4.2219	  0.3678	  0.3124	  4.2941	  0.0000
  4.3462	  0.3678	  0.3951	  0.2642	  1.0000
  4.4706	  0.3678	 -0.5512	  0.0321	  1.0000
  4.5949	  0.3678	  2.2892	  1.5967	  0.0000
  4.7192	  0.3678	 -8.3124	  0.4266	  0.0000
  4.8436	  0.3678	 -0.5360	 -0.5856	  1.0000
  4.9679	  0.3678	  2.4502	  0.3175	  0.0000
  5.0922	  0.3678	 -0.1801	 -0.7084	  0.0000
  0.1191	  0.2435	 -0.1919	  1.0763	  1.0000
  0.2435	  0.2435	 -0.0754	  1.0987	  1.0000
  0.3678	  0.2435	  0.0750	  1.1208	  1.0000
  0.4921	  0.2435	  0.3408	  1.1725	  1.0000
  0.6165	  0.2435	  0.7088	  1.2103	  1.0000
  0.7408	  0.2435	  1.1202	  1.3313	  1.0000
  0.8651	  0.2435	  1.0104	  1.6809	  1.0000
  0.9894	  0.2435	  1.1594	  1.4383	  1.0000
  1.1138	  0.2435	  1.2690	  1.5781	  1.0000
  1.2381	  0.2435	  7.5615	 -1.3999	  0.0000
  1.3624	  0.2435	  0.8329	  2.4548	  1.0000
  1.4867	  0.2435	  1.0610	  2.3367	  1.0000
  1.6111	  0.2435	  0.9944	  2.7116	  1.0000
  1.7354	  0.2435	  0.8765	  2.5137	  1.0000
  1.8597	  0.2435	  1.1760	  1.9606	  1.0000
  1.9840	  0.2435	  1.0244	  0.9200	  1.0000
  2.1084	  0.2435	  1.3718	  0.5469	  1.0000
  2.2327	  0.2435	  2.0553	  0.8883	  0.0000
  2.3570	  0.2435	  2.0670	 -0.2533	  1.0000
  2.4814	  0.2435	  2.1339	 -0.2998	  1.0000
  2.6057	  0.2435	  5.4992	  2.1446	  0.0000
  2.7300	  0.2435	  2.5825	 -0.5069	  1.0000
  2.8543	  0.2435	  2.5934	 -0.7705	  1.0000
  2.9787	  0.2435	  2.1387	 -0.3852	  1.0000
  3.1030	  0.2435	  0.9675	 -0.4612	  1.0000
  3.2273	  0.2435	  0.2237	 -0.3016	  1.0000
  3.3516	  0.2435	 -1.2857	 -0.5178	  1.0000
  3.4760	  0.2435	 -2.3506	 -1.5557	  0.0000
  3.6003	  0.2435	 -2.0004	  0.0263	  1.0000
  3.7246	  0.2435	  1.1186	  1.7872	  0.0000
  3.8489	  0.2435	 -0.1880	 -0.2529	  1.0000
  3.9733	  0.2435	  0.6091	  0.3303	  1.0000
  4.0976	  0.2435	  0.6796	  0.2809	  1.0000
  4.2219	  0.2435	  0.4649	 -0.0614	  1.0000
  4.3462	  0.2435	  0.1087	  0.0326	  1.0000
  4.4706	  0.2435	 -0.6664	 -0.0084	  1.0000
  4.5949	  0.2435	 -5.3869	  2.5178	  0.0000
  4.7192	  0.2435	 -0.1833	 -2.5308	  0.0000
  4.8436	  0.2435	  0.5399	 -1.8060	  0.0000
  4.9679	  0.2435	 -2.2005	 -0.1144	  0.0000
  5.0922	  0.2435	 -0.1580	 -0.6653	  1.0000
  0.1191	  0.1191	 -0.1446	  1.0341	  1.0000
  0.2435	  0.1191	 -0.0325	  1.0571	  1.0000
  0.3678	  0.1191	  0.1141	  1.0805	  1.0000
  0.4921	  0.1191	  0.3691	  1.1343	  1.0000
  0.6165	  0.1191	  0.7721	  1.1546	  1.0000
  0.7408	  0.1191	  0.8127	  1.1937	  1.0000
  0.8651	  0.1191	  0.6154	  1.6489	  1.0000
  0.9894	  0.1191	  0.8953	  1.4750	  1.0000
  1.1138	  0.1191	  0.6870	  1.8129	  1.0000
  1.2381	  0.1191	  0.1771	  2.4165	  1.0000
  1.3624	  0.1191	 -1.4359	  4.1220	  0.0000
  1.4867	  0.1191	 -3.7614	  7.8897	  0.0000
  1.6111	  0.1191	  0.6683	  3.2890	  1.0000
  1.7354	  0.1191	  0.8847	  2.8853	  1.0000
  1.8597	  0.1191	  1.2986	  2.1676	  1.0000
  1.9840	  0.1191	  1.1268	  0.8421	  1.0000
  2.1084	  0.1191	  1.6103	  0.4361	  1.0000
  2.2327	  0.1191	  0.2055	 -6.8683	  0.0000
  2.3570	  0.1191	  6.1702	  2.0663	  0.0000
  2.4814	  0.1191	  2.5052	 -0.2708	  1.0000
  2.6057	  0.1191	  6.2083	 -3.9334	  0.0000
  2.7300	  0.1191	 -0.4351	  4.0822	  0.0000
  2.8543	  0.1191	  0.9894	 -0.8822	  0.0000
  2.9787	  0.1191	  1.7021	 -0.3348	  1.0000
  3.1030	  0.1191	  4.1525	 -5.0693	  0.0000
  3.2273	  0.1191	  3.1816	  2.1356	  0.0000
  3.3516	  0.1191	 -7.2822	  0.1392	  0.0000
  3.4760	  0.1191	 -1.7696	 -0.3799	  1.0000
  3.6003	  0.1191	 -9.3581	 -6.6195	  0.0000
  3.7246	  0.1191	 -1.6152	  0.1276	  0.0000
  3.8489	  0.1191	  1.4113	  7.1571	  0.0000
  3.9733	  0.1191	  0.2650	  1.2131	  1.0000
  4.0976	  0.1191	  0.2498	  1.1216	  1.0000
  4.2219	  0.1191	  0.0100	  0.6773	  1.0000
  4.3462	  0.1191	 -2.3598	  0.2844	  0.0000
  4.4706	  0.1191	 -1.0690	  0.3784	  1.0000
  4.5949	  0.1191	 -0.0742	 -1.9467	  0.0000
  4.7192	  0.1191	 -1.0208	 -0.2916	  1.0000
  4.8436	  0.1191	 -0.8968	 -0.4596	  1.0000
  4.9679	  0.1191	  0.3021	 -1.9044	  0.0000
  5.0922	  0.1191	 -0.0849	 -0.7408	  1.0000
