  0.1191	  7.9517	  0.0000	  0.0000	  0.0000
  0.2435	  7.9517	  0.0000	  0.0000	  0.0000
  0.3678	  7.9517	  0.0000	  0.0000	  0.0000
  0.4921	  7.9517	  0.0000	  0.0000	  0.0000
  0.6165	  7.9517	  0.0000	  0.0000	  0.0000
  0.7408	  7.9517	  0.0000	  0.0000	  0.0000
  0.8651	  7.9517	  0.0000	  0.0000	  0.0000
  0.9894	  7.9517	  0.0000	  0.0000	  0.0000
  1.1138	  7.9517	  0.0000	  0.0000	  0.0000
  1.2381	  7.9517	  0.0000	  0.0000	  0.0000
  1.3624	  7.9517	  0.0000	  0.0000	  0.0000
  1.4867	  7.9517	  0.0000	  0.0000	  0.0000
  1.6111	  7.9517	  0.0000	  0.0000	  0.0000
  1.7354	  7.9517	  0.0000	  0.0000	  0.0000
  1.8597	  7.9517	  0.0000	  0.0000	  0.0000
  1.9840	  7.9517	  0.0000	  0.0000	  0.0000
  2.1084	  7.9517	  0.0000	  0.0000	  0.0000
  2.2327	  7.9517	  0.0000	  0.0000	  0.0000
  0.1191	  7.8274	  0.0000	  0.0000	  0.0000
  0.2435	  7.8274	  0.0000	  0.0000	  0.0000
  0.3678	  7.8274	  0.0000	  0.0000	  0.0000
  0.4921	  7.8274	  0.0000	  0.0000	  0.0000
  0.6165	  7.8274	  0.0000	  0.0000	  0.0000
  0.7408	  7.8274	  0.0000	  0.0000	  0.0000
  0.8651	  7.8274	  0.0000	  0.0000	  0.0000
  0.9894	  7.8274	  0.0000	  0.0000	  0.0000
  1.1138	  7.8274	  0.0000	  0.0000	  0.0000
  1.2381	  7.8274	  0.0000	  0.0000	  0.0000
  1.3624	  7.8274	  0.0000	  0.0000	  0.0000
  1.4867	  7.8274	  0.0000	  0.0000	  0.0000
  1.6111	  7.8274	  0.0000	  0.0000	  0.0000
  1.7354	  7.8274	  0.0000	  0.0000	  0.0000
  1.8597	  7.8274	  0.0000	  0.0000	  0.0000
  1.9840	  7.8274	  0.0000	  0.0000	  0.0000
  2.1084	  7.8274	  5.9559	-11.9146	  0.0000
  2.2327	  7.8274	  5.9559	-11.9146	  0.0000
  0.1191	  7.7031	  0.0000	  0.0000	  0.0000
  0.2435	  7.7031	  0.0000	  0.0000	  0.0000
  0.3678	  7.7031	  0.0000	  0.0000	  0.0000
  0.4921	  7.7031	  0.0000	  0.0000	  0.0000
  0.6165	  7.7031	  0.0000	  0.0000	  0.0000
  0.7408	  7.7031	  0.0000	  0.0000	  0.0000
  0.8651	  7.7031	  0.0000	  0.0000	  0.0000
  0.9894	  7.7031	  0.0000	  0.0000	  0.0000
  1.1138	  7.7031	  0.0000	  0.0000	  0.0000
  1.2381	  7.7031	  0.0000	  0.0000	  0.0000
  1.3624	  7.7031	  0.0000	  0.0000	  0.0000
  1.4867	  7.7031	  0.0000	  0.0000	  0.0000
  1.6111	  7.7031	  0.0000	  0.0000	  0.0000
  1.7354	  7.7031	  0.0000	  0.0000	  0.0000
  1.8597	  7.7031	  0.0000	  0.0000	  0.0000
  1.9840	  7.7031	  0.0000	  0.0000	  0.0000
  2.1084	  7.7031	  5.9559	-11.9146	  0.0000
  2.2327	  7.7031	  5.9559	-11.9146	  0.0000
  0.1191	  7.5787	  0.0000	  0.0000	  0.0000
  0.2435	  7.5787	  0.0000	  0.0000	  0.0000
  0.3678	  7.5787	  0.0000	  0.0000	  0.0000
  0.4921	  7.5787	  0.0000	  0.0000	  0.0000
  0.6165	  7.5787	  0.0000	  0.0000	  0.0000
  0.7408	  7.5787	  0.0000	  0.0000	  0.0000
  0.8651	  7.5787	  0.0000	  0.0000	  0.0000
  0.9894	  7.5787	  0.0000	  0.0000	  0.0000
  1.1138	  7.5787	  0.0000	  0.0000	  0.0000
  1.2381	  7.5787	  0.0000	  0.0000	  0.0000
  1.3624	  7.5787	  0.0000	  0.0000	  0.0000
  1.4867	  7.5787	  0.0000	  0.0000	  0.0000
  1.6111	  7.5787	  0.0000	  0.0000	  0.0000
  1.7354	  7.5787	  0.0000	  0.0000	  0.0000
  1.8597	  7.5787	  0.0000	  0.0000	  0.0000
  1.9840	  7.5787	  0.0000	  0.0000	  0.0000
  2.1084	  7.5787	  0.0000	  0.0000	  0.0000
  2.2327	  7.5787	  1.7868	 -3.5744	  1.0000
  0.1191	  7.4544	  0.0000	  0.0000	  0.0000
  0.2435	  7.4544	  0.0000	  0.0000	  0.0000
  0.3678	  7.4544	  0.0000	  0.0000	  0.0000
  0.4921	  7.4544	  0.0000	  0.0000	  0.0000
  0.6165	  7.4544	  0.0000	  0.0000	  0.0000
  0.7408	  7.4544	  0.0000	  0.0000	  0.0000
  0.8651	  7.4544	  0.0000	  0.0000	  0.0000
  0.9894	  7.4544	  0.0000	  0.0000	  0.0000
  1.1138	  7.4544	  0.0000	  0.0000	  0.0000
  1.2381	  7.4544	  0.0000	  0.0000	  0.0000
  1.3624	  7.4544	  0.0000	  0.0000	  0.0000
  1.4867	  7.4544	  0.0000	  0.0000	  0.0000
  1.6111	  7.4544	  0.0000	  0.0000	  0.0000
  1.7354	  7.4544	  0.0000	  0.0000	  0.0000
  1.8597	  7.4544	  0.0000	  0.0000	  0.0000
  1.9840	  7.4544	  0.0000	  0.0000	  0.0000
  2.1084	  7.4544	  0.0000	  0.0000	  0.0000
  2.2327	  7.4544	  0.9927	 -1.9858	  1.0000
  0.1191	  7.3301	  0.0000	  0.0000	  0.0000
  0.2435	  7.3301	  0.0000	  0.0000	  0.0000
  0.3678	  7.3301	  0.0000	  0.0000	  0.0000
  0.4921	  7.3301	  0.0000	  0.0000	  0.0000
  0.6165	  7.3301	  0.0000	  0.0000	  0.0000
  0.7408	  7.3301	  0.0000	  0.0000	  0.0000
  0.8651	  7.3301	  0.0000	  0.0000	  0.0000
  0.9894	  7.3301	  0.0000	  0.0000	  0.0000
  1.1138	  7.3301	  0.0000	  0.0000	  0.0000
  1.2381	  7.3301	  0.0000	  0.0000	  0.0000
  1.3624	  7.3301	  0.0000	  0.0000	  0.0000
  1.4867	  7.3301	  0.0000	  0.0000	  0.0000
  1.6111	  7.3301	  0.0000	  0.0000	  0.0000
  1.7354	  7.3301	  0.0000	  0.0000	  0.0000
  1.8597	  7.3301	  0.0000	  0.0000	  0.0000
  1.9840	  7.3301	  0.0000	  0.0000	  0.0000
  2.1084	  7.3301	  0.0000	  0.0000	  0.0000
  2.2327	  7.3301	  0.1985	 -0.3972	  1.0000
  0.1191	  7.2058	  0.0000	  0.0000	  0.0000
  0.2435	  7.2058	  0.0000	  0.0000	  0.0000
  0.3678	  7.2058	  0.0000	  0.0000	  0.0000
  0.4921	  7.2058	  0.0000	  0.0000	  0.0000
  0.6165	  7.2058	  0.0000	  0.0000	  0.0000
  0.7408	  7.2058	  0.0000	  0.0000	  0.0000
  0.8651	  7.2058	  0.0000	  0.0000	  0.0000
  0.9894	  7.2058	  0.0000	  0.0000	  0.0000
  1.1138	  7.2058	  0.0000	  0.0000	  0.0000
  1.2381	  7.2058	  0.0000	  0.0000	  0.0000
  1.3624	  7.2058	  0.0000	  0.0000	  0.0000
  1.4867	  7.2058	  0.0000	  0.0000	  0.0000
  1.6111	  7.2058	  0.0000	  0.0000	  0.0000
  1.7354	  7.2058	  0.0000	  0.0000	  0.0000
  1.8597	  7.2058	  0.0000	  0.0000	  0.0000
  1.9840	  7.2058	  0.0000	  0.0000	  0.0000
  2.1084	  7.2058	  0.0000	  0.0000	  0.0000
  2.2327	  7.2058	  0.0000	 -0.0000	  0.0000
  0.1191	  7.0814	  0.0000	  0.0000	  0.0000
  0.2435	  7.0814	  0.0000	  0.0000	  0.0000
  0.3678	  7.0814	  0.0000	  0.0000	  0.0000
  0.4921	  7.0814	  0.0000	  0.0000	  0.0000
  0.6165	  7.0814	  0.0000	  0.0000	  0.0000
  0.7408	  7.0814	  0.0000	  0.0000	  0.0000
  0.8651	  7.0814	  0.0000	  0.0000	  0.0000
  0.9894	  7.0814	  0.0000	  0.0000	  0.0000
  1.1138	  7.0814	  0.0000	  0.0000	  0.0000
  1.2381	  7.0814	  0.0000	  0.0000	  0.0000
  1.3624	  7.0814	  0.0000	  0.0000	  0.0000
  1.4867	  7.0814	  0.0000	  0.0000	  0.0000
  1.6111	  7.0814	  0.0000	  0.0000	  0.0000
  1.7354	  7.0814	  0.0000	  0.0000	  0.0000
  1.8597	  7.0814	  0.0000	  0.0000	  0.0000
  1.9840	  7.0814	  0.0000	  0.0000	  0.0000
  2.1084	  7.0814	  0.0000	  0.0000	  0.0000
  2.2327	  7.0814	  0.0000	  0.0000	  0.0000
  0.1191	  6.9571	  0.0000	  0.0000	  0.0000
  0.2435	  6.9571	  0.0000	  0.0000	  0.0000
  0.3678	  6.9571	  0.0000	  0.0000	  0.0000
  0.4921	  6.9571	  0.0000	  0.0000	  0.0000
  0.6165	  6.9571	  0.0000	  0.0000	  0.0000
  0.7408	  6.9571	  0.0000	  0.0000	  0.0000
  0.8651	  6.9571	  0.0000	  0.0000	  0.0000
  0.9894	  6.9571	  0.0000	  0.0000	  0.0000
  1.1138	  6.9571	  0.0000	  0.0000	  0.0000
  1.2381	  6.9571	  0.0000	  0.0000	  0.0000
  1.3624	  6.9571	  0.0000	  0.0000	  0.0000
  1.4867	  6.9571	  0.0000	  0.5180	  0.0000
  1.6111	  6.9571	  0.0000	  0.5180	  0.0000
  1.7354	  6.9571	  0.0000	  0.0000	  0.0000
  1.8597	  6.9571	  0.0000	  0.0000	  0.0000
  1.9840	  6.9571	  0.0000	  0.0000	  0.0000
  2.1084	  6.9571	 -6.7344	 -4.6622	  0.0000
  2.2327	  6.9571	 -6.7344	 -4.6622	  0.0000
  0.1191	  6.8328	  0.0000	  0.0000	  0.0000
  0.2435	  6.8328	  0.0000	  0.0000	  0.0000
  0.3678	  6.8328	  0.0000	  0.0000	  0.0000
  0.4921	  6.8328	  0.0000	  0.0000	  0.0000
  0.6165	  6.8328	  0.0000	  0.0000	  0.0000
  0.7408	  6.8328	  0.0000	  0.0000	  0.0000
  0.8651	  6.8328	  0.0000	  0.0000	  0.0000
  0.9894	  6.8328	  0.0000	  0.0000	  0.0000
  1.1138	  6.8328	  0.0000	  0.0000	  0.0000
  1.2381	  6.8328	  0.0000	  0.0000	  0.0000
  1.3624	  6.8328	  0.0000	  0.0000	  0.0000
  1.4867	  6.8328	 -0.0127	  0.0392	  1.0000
  1.6111	  6.8328	 -0.0404	  0.0214	  1.0000
  1.7354	  6.8328	  0.0000	  0.0000	  0.0000
  1.8597	  6.8328	  0.0000	  0.0000	  0.0000
  1.9840	  6.8328	 -0.8011	 -0.5502	  1.0000
  2.1084	  6.8328	 -0.9903	 -0.6830	  1.0000
  2.2327	  6.8328	 -1.2744	 -0.8811	  1.0000
  0.1191	  6.7085	  0.0000	  0.0000	  0.0000
  0.2435	  6.7085	  0.0000	  0.0000	  0.0000
  0.3678	  6.7085	  0.0000	  0.0000	  0.0000
  0.4921	  6.7085	  0.0000	  0.0000	  0.0000
  0.6165	  6.7085	  0.0000	  0.0000	  0.0000
  0.7408	  6.7085	  0.0000	  0.0000	  0.0000
  0.8651	  6.7085	  0.0000	  0.0000	  0.0000
  0.9894	  6.7085	  0.0000	  0.0000	  0.0000
  1.1138	  6.7085	  0.0000	  0.0000	  0.0000
  1.2381	  6.7085	  0.0000	  0.0000	  0.0000
  1.3624	  6.7085	  0.0000	  0.0000	  0.0000
  1.4867	  6.7085	  0.0000	  0.0000	  0.0000
  1.6111	  6.7085	  0.0000	  0.0000	  0.0000
  1.7354	  6.7085	 -0.1100	 -0.0261	  1.0000
  1.8597	  6.7085	 -0.4802	 -0.3046	  1.0000
  1.9840	  6.7085	 -0.8202	 -0.5630	  1.0000
  2.1084	  6.7085	 -1.0104	 -0.6967	  1.0000
  2.2327	  6.7085	  0.0000	  0.0000	  0.0000
  0.1191	  6.5841	  0.0000	  0.0000	  0.0000
  0.2435	  6.5841	  0.0000	  0.0000	  0.0000
  0.3678	  6.5841	  0.0000	  0.0000	  0.0000
  0.4921	  6.5841	  0.0000	  0.0000	  0.0000
  0.6165	  6.5841	  0.0000	  0.0000	  0.0000
  0.7408	  6.5841	  0.0000	  0.0000	  0.0000
  0.8651	  6.5841	  0.0000	  0.0000	  0.0000
  0.9894	  6.5841	  0.0000	  0.0000	  0.0000
  1.1138	  6.5841	  0.0000	  0.0000	  0.0000
  1.2381	  6.5841	  0.0000	  0.0000	  0.0000
  1.3624	  6.5841	  0.0000	  0.0000	  0.0000
  1.4867	  6.5841	  0.0000	  0.0000	  0.0000
  1.6111	  6.5841	 -0.0451	 -0.0229	  1.0000
  1.7354	  6.5841	 -0.1100	 -0.0675	  1.0000
  1.8597	  6.5841	 -0.2108	 -0.1388	  1.0000
  1.9840	  6.5841	  0.0000	  0.0000	  0.0000
  2.1084	  6.5841	 -0.3414	 -0.2335	  1.0000
  2.2327	  6.5841	 -0.4092	 -0.2817	  1.0000
  0.1191	  6.4598	  0.0000	  0.0000	  0.0000
  0.2435	  6.4598	  0.0000	  0.0000	  0.0000
  0.3678	  6.4598	  0.0000	  0.0000	  0.0000
  0.4921	  6.4598	  0.0000	  0.0000	  0.0000
  0.6165	  6.4598	  0.0000	  0.0000	  0.0000
  0.7408	  6.4598	  0.0000	  0.0000	  0.0000
  0.8651	  6.4598	  0.0000	  0.0000	  0.0000
  0.9894	  6.4598	  0.0000	  0.0000	  0.0000
  1.1138	  6.4598	  0.0000	  0.0000	  0.0000
  1.2381	  6.4598	  0.0000	  0.0000	  0.0000
  1.3624	  6.4598	  0.0000	  0.0000	  0.0000
  1.4867	  6.4598	  0.0000	  0.0000	  0.0000
  1.6111	  6.4598	 -0.0430	 -0.0254	  1.0000
  1.7354	  6.4598	 -0.0758	 -0.0479	  1.0000
  1.8597	  6.4598	  0.0000	  0.0000	  0.0000
  1.9840	  6.4598	  0.0000	  0.0000	  0.0000
  2.1084	  6.4598	 -0.1918	 -0.1299	  1.0000
  2.2327	  6.4598	 -0.2097	 -0.1436	  1.0000
  0.1191	  6.3355	  0.0000	  0.0000	  0.0000
  0.2435	  6.3355	  0.0000	  0.0000	  0.0000
  0.3678	  6.3355	  0.0000	  0.0000	  0.0000
  0.4921	  6.3355	  0.0000	  0.0000	  0.0000
  0.6165	  6.3355	  0.0000	  0.0000	  0.0000
  0.7408	  6.3355	  0.0000	  0.0000	  0.0000
  0.8651	  6.3355	  0.0000	  0.0000	  0.0000
  0.9894	  6.3355	  0.0000	  0.0000	  0.0000
  1.1138	  6.3355	  0.0000	  0.0000	  0.0000
  1.2381	  6.3355	  0.0000	  0.0000	  0.0000
  1.3624	  6.3355	  0.0000	  0.0000	  0.0000
  1.4867	  6.3355	  0.0000	  0.0000	  0.0000
  1.6111	  6.3355	  0.0000	  0.0000	  0.0000
  1.7354	  6.3355	  0.0000	  0.0000	  0.0000
  1.8597	  6.3355	  0.0000	  0.0000	  0.0000
  1.9840	  6.3355	  0.0000	  0.0000	  0.0000
  2.1084	  6.3355	  0.0000	  0.0000	  0.0000
  2.2327	  6.3355	 -0.0896	 -0.0604	  1.0000
  0.1191	  6.2111	  0.0000	  0.0000	  0.0000
  0.2435	  6.2111	  0.0000	  0.0000	  0.0000
  0.3678	  6.2111	  0.0000	  0.0000	  0.0000
  0.4921	  6.2111	  0.0000	  0.0000	  0.0000
  0.6165	  6.2111	  0.0000	  0.0000	  0.0000
  0.7408	  6.2111	  0.0000	  0.0000	  0.0000
  0.8651	  6.2111	  0.0000	  0.0000	  0.0000
  0.9894	  6.2111	  0.0000	  0.0000	  0.0000
  1.1138	  6.2111	  0.0000	  0.0000	  0.0000
  1.2381	  6.2111	  0.0000	  0.0000	  0.0000
  1.3624	  6.2111	  0.0000	  0.0000	  0.0000
  1.4867	  6.2111	  0.0000	  0.0000	  0.0000
  1.6111	  6.2111	  0.0000	  0.0000	  0.0000
  1.7354	  6.2111	  0.0000	  0.0000	  0.0000
  1.8597	  6.2111	  0.0000	  0.0000	  0.0000
  1.9840	  6.2111	  0.0000	  0.0000	  0.0000
  2.1084	  6.2111	 -0.0314	 -0.0200	  1.0000
  2.2327	  6.2111	 -0.0419	 -0.0266	  1.0000
  0.1191	  6.0868	  0.0000	  0.0000	  0.0000
  0.2435	  6.0868	  0.0000	  0.0000	  0.0000
  0.3678	  6.0868	  0.0000	  0.0000	  0.0000
  0.4921	  6.0868	  0.0000	  0.0000	  0.0000
  0.6165	  6.0868	  0.0000	  0.0000	  0.0000
  0.7408	  6.0868	  0.0000	  0.0000	  0.0000
  0.8651	  6.0868	  0.0000	  0.0000	  0.0000
  0.9894	  6.0868	  0.0000	  0.0000	  0.0000
  1.1138	  6.0868	  0.0000	  0.0000	  0.0000
  1.2381	  6.0868	  1.1261	 -0.6306	  1.0000
  1.3624	  6.0868	 12.9507	 -7.2524	  0.0000
  1.4867	  6.0868	  0.0000	  0.0000	  0.0000
  1.6111	  6.0868	  0.0000	  0.0000	  0.0000
  1.7354	  6.0868	  0.0000	  0.0000	  0.0000
  1.8597	  6.0868	  0.0000	  0.0000	  0.0000
  1.9840	  6.0868	  0.0000	  0.0000	  0.0000
  2.1084	  6.0868	 -0.0133	 -0.0064	  1.0000
  2.2327	  6.0868	 -0.0177	 -0.0085	  1.0000
  0.1191	  5.9625	  0.0000	  0.0000	  0.0000
  0.2435	  5.9625	  0.0000	  0.0000	  0.0000
  0.3678	  5.9625	  0.0000	  0.0000	  1.0000
  0.4921	  5.9625	  0.0000	  0.0000	  1.0000
  0.6165	  5.9625	  0.0000	  0.0000	  0.0000
  0.7408	  5.9625	  0.0000	  0.0000	  0.0000
  0.8651	  5.9625	  0.0000	  0.0000	  0.0000
  0.9894	  5.9625	  0.0000	  0.0000	  0.0000
  1.1138	  5.9625	  0.0000	  0.0000	  0.0000
  1.2381	  5.9625	  1.1261	 -0.6306	  1.0000
  1.3624	  5.9625	 12.9507	 -7.2524	  0.0000
  1.4867	  5.9625	  0.0000	  0.0000	  0.0000
  1.6111	  5.9625	  0.0000	  0.0000	  0.0000
  1.7354	  5.9625	  0.0000	  0.0000	  0.0000
  1.8597	  5.9625	  0.0000	  0.0000	  0.0000
  1.9840	  5.9625	 -0.0110	 -0.0028	  1.0000
  2.1084	  5.9625	 -0.0113	 -0.0035	  1.0000
  2.2327	  5.9625	 -0.0138	 -0.0046	  1.0000
  0.1191	  5.8382	  0.0000	  0.0000	  0.0000
  0.2435	  5.8382	  0.0000	  0.0000	  0.0000
  0.3678	  5.8382	  0.0000	  0.0000	  1.0000
  0.4921	  5.8382	  0.0000	  0.0000	  1.0000
  0.6165	  5.8382	  0.0000	  0.0000	  0.0000
  0.7408	  5.8382	  0.0000	  0.0000	  0.0000
  0.8651	  5.8382	  0.0000	  0.0000	  0.0000
  0.9894	  5.8382	  0.0000	  0.0000	  0.0000
  1.1138	  5.8382	  0.0000	  0.0000	  0.0000
  1.2381	  5.8382	  0.0000	  0.0000	  0.0000
  1.3624	  5.8382	  0.0000	  0.0000	  0.0000
  1.4867	  5.8382	  0.0000	  0.0000	  0.0000
  1.6111	  5.8382	  0.0000	  0.0000	  0.0000
  1.7354	  5.8382	  0.0000	  0.0000	  0.0000
  1.8597	  5.8382	  0.0000	  0.0000	  0.0000
  1.9840	  5.8382	 -0.0149	 -0.0010	  1.0000
  2.1084	  5.8382	 -0.0126	 -0.0012	  1.0000
  2.2327	  5.8382	 -0.0129	 -0.0016	  1.0000
  0.1191	  5.7138	  0.0000	  0.0000	  0.0000
  0.2435	  5.7138	  0.0000	  0.0000	  0.0000
  0.3678	  5.7138	  0.0000	  0.0000	  0.0000
  0.4921	  5.7138	  0.0000	  0.0000	  0.0000
  0.6165	  5.7138	  0.0000	  0.0000	  0.0000
  0.7408	  5.7138	  0.0000	  0.0000	  0.0000
  0.8651	  5.7138	  0.0000	  0.0000	  0.0000
  0.9894	  5.7138	  0.0000	  0.0000	  0.0000
  1.1138	  5.7138	  0.0000	  0.0000	  0.0000
  1.2381	  5.7138	  0.0000	  0.0000	  0.0000
  1.3624	  5.7138	  0.0000	  0.0000	  0.0000
  1.4867	  5.7138	  0.0000	  0.0000	  0.0000
  1.6111	  5.7138	  0.0000	  0.0000	  0.0000
  1.7354	  5.7138	 -0.0498	 -0.0001	  1.0000
  1.8597	  5.7138	 -0.0193	 -0.0003	  1.0000
  1.9840	  5.7138	  0.0000	  0.0000	  0.0000
  2.1084	  5.7138	 -0.0172	 -0.0006	  1.0000
  2.2327	  5.7138	 -0.0150	 -0.0007	  1.0000
  0.1191	  5.5895	  0.0000	  0.0000	  0.0000
  0.2435	  5.5895	  0.0000	  0.0000	  0.0000
  0.3678	  5.5895	  0.0000	  0.0000	  0.0000
  0.4921	  5.5895	  0.0000	  0.0000	  0.0000
  0.6165	  5.5895	  0.0000	  0.0000	  0.0000
  0.7408	  5.5895	  0.0000	  0.0000	  0.0000
  0.8651	  5.5895	  0.0000	  0.5180	  0.0000
  0.9894	  5.5895	  0.0000	  0.0450	  1.0000
  1.1138	  5.5895	  0.0000	  0.0000	  0.0000
  1.2381	  5.5895	  0.0000	  0.0000	  0.0000
  1.3624	  5.5895	 -0.3982	  0.0000	  1.0000
  1.4867	  5.5895	 -0.4101	 -0.0000	  1.0000
  1.6111	  5.5895	  0.0000	  0.0000	  0.0000
  1.7354	  5.5895	 -0.0711	 -0.0000	  1.0000
  1.8597	  5.5895	 -0.0408	 -0.0001	  1.0000
  1.9840	  5.5895	 -0.0265	 -0.0001	  1.0000
  2.1084	  5.5895	 -0.0183	 -0.0001	  1.0000
  2.2327	  5.5895	 -0.0166	 -0.0002	  1.0000
  0.1191	  5.4652	  0.0000	  0.0000	  0.0000
  0.2435	  5.4652	  0.0000	  0.0000	  0.0000
  0.3678	  5.4652	  0.0000	  0.0000	  0.0000
  0.4921	  5.4652	  0.0000	  0.0000	  0.0000
  0.6165	  5.4652	  0.0000	  0.0000	  0.0000
  0.7408	  5.4652	  0.0000	  0.0000	  0.0000
  0.8651	  5.4652	  0.0000	  0.5180	  0.0000
  0.9894	  5.4652	  0.0000	  0.0450	  1.0000
  1.1138	  5.4652	  0.0000	  0.0000	  0.0000
  1.2381	  5.4652	  0.0000	  0.0000	  0.0000
  1.3624	  5.4652	 -8.2884	 -0.0000	  0.0000
  1.4867	  5.4652	 -0.4285	 -0.0000	  1.0000
  1.6111	  5.4652	  0.0000	  0.0000	  0.0000
  1.7354	  5.4652	 -0.0897	 -0.0000	  1.0000
  1.8597	  5.4652	 -0.0594	 -0.0000	  1.0000
  1.9840	  5.4652	 -0.0293	 -0.0000	  1.0000
  2.1084	  5.4652	 -0.0186	 -0.0000	  1.0000
  2.2327	  5.4652	 -0.0169	 -0.0000	  1.0000
  0.1191	  5.3409	  0.0000	  0.0000	  0.0000
  0.2435	  5.3409	  0.0000	  0.0000	  0.0000
  0.3678	  5.3409	  0.0000	  0.0000	  0.0000
  0.4921	  5.3409	  0.0000	  0.0000	  0.0000
  0.6165	  5.3409	  0.0000	  0.0000	  0.0000
  0.7408	  5.3409	  0.0000	  0.0000	  0.0000
  0.8651	  5.3409	  0.0000	  0.0000	  0.0000
  0.9894	  5.3409	  0.0000	  0.0000	  0.0000
  1.1138	  5.3409	  0.0000	  0.0000	  0.0000
  1.2381	  5.3409	  0.0000	  0.0000	  0.0000
  1.3624	  5.3409	  0.0000	  0.0000	  0.0000
  1.4867	  5.3409	  0.0000	  0.0000	  0.0000
  1.6111	  5.3409	 -0.4305	  0.0000	  1.0000
  1.7354	  5.3409	 -0.0874	  0.0000	  1.0000
  1.8597	  5.3409	  0.0000	  0.0000	  0.0000
  1.9840	  5.3409	 -0.0264	  0.0000	  1.0000
  2.1084	  5.3409	 -0.0173	  0.0000	  1.0000
  2.2327	  5.3409	 -0.0165	  0.0000	  1.0000
  0.1191	  5.2165	  0.0000	  0.0000	  0.0000
  0.2435	  5.2165	  0.0000	  0.0000	  0.0000
  0.3678	  5.2165	  0.0000	  0.0000	  0.0000
  0.4921	  5.2165	  0.0000	  0.0000	  0.0000
  0.6165	  5.2165	  0.0000	  0.0000	  0.0000
  0.7408	  5.2165	  0.0000	  0.0000	  0.0000
  0.8651	  5.2165	  0.0000	  0.0000	  0.0000
  0.9894	  5.2165	  0.0000	  0.0000	  0.0000
  1.1138	  5.2165	  0.0000	  0.0000	  0.0000
  1.2381	  5.2165	  0.0000	  0.0000	  0.0000
  1.3624	  5.2165	  0.0000	  0.0000	  0.0000
  1.4867	  5.2165	  0.0000	  0.0000	  0.0000
  1.6111	  5.2165	 -0.3944	  0.0000	  1.0000
  1.7354	  5.2165	 -0.0655	  0.0000	  1.0000
  1.8597	  5.2165	  0.0000	  0.0000	  0.0000
  1.9840	  5.2165	 -0.0196	  0.0000	  1.0000
  2.1084	  5.2165	 -0.0124	  0.0000	  1.0000
  2.2327	  5.2165	 -0.0125	  0.0000	  1.0000
  0.1191	  5.0922	  0.0000	  0.0000	  0.0000
  0.2435	  5.0922	  0.0000	  0.0000	  0.0000
  0.3678	  5.0922	  0.0000	  0.0000	  0.0000
  0.4921	  5.0922	  0.0000	  0.0000	  0.0000
  0.6165	  5.0922	  0.0000	  0.0000	  0.0000
  0.7408	  5.0922	  0.0000	  0.0000	  0.0000
  0.8651	  5.0922	  0.0000	  0.0000	  0.0000
  0.9894	  5.0922	  0.0000	  0.0000	  0.0000
  1.1138	  5.0922	  0.0000	  0.0000	  0.0000
  1.2381	  5.0922	  0.0000	  0.0000	  0.0000
  1.3624	  5.0922	  0.0000	  0.0000	  0.0000
  1.4867	  5.0922	  0.0000	  0.0000	  0.0000
  1.6111	  5.0922	  0.0000	  0.0000	  0.0000
  1.7354	  5.0922	  0.0000	  0.0000	  0.0000
  1.8597	  5.0922	  0.0000	  0.0000	  0.0000
  1.9840	  5.0922	 -0.0111	  0.0000	  1.0000
  2.1084	  5.0922	 -0.0063	  0.0000	  1.0000
  2.2327	  5.0922	 -0.0084	  0.0000	  1.0000
  0.1191	  4.9679	  0.0000	  0.0000	  0.0000
  0.2435	  4.9679	  0.0000	  0.0000	  0.0000
  0.3678	  4.9679	  0.0000	  0.0000	  0.0000
  0.4921	  4.9679	  0.0000	  0.0000	  0.0000
  0.6165	  4.9679	  0.0000	  0.0000	  0.0000
  0.7408	  4.9679	  0.0000	  0.0000	  0.0000
  0.8651	  4.9679	  0.0000	  0.0000	  0.0000
  0.9894	  4.9679	  0.0000	  0.0000	  0.0000
  1.1138	  4.9679	  0.0000	  0.0000	  0.0000
  1.2381	  4.9679	 -0.0008	  0.0000	  1.0000
  1.3624	  4.9679	 -0.0165	  0.0000	  1.0000
  1.4867	  4.9679	  0.0000	  0.0000	  0.0000
  1.6111	  4.9679	  0.0000	  0.0000	  0.0000
  1.7354	  4.9679	  0.0000	  0.0000	  0.0000
  1.8597	  4.9679	  0.0000	  0.0000	  0.0000
  1.9840	  4.9679	  0.0000	  0.0000	  0.0000
  2.1084	  4.9679	  0.0000	  0.0000	  0.0000
  2.2327	  4.9679	  0.0000	  0.0000	  0.0000
  0.1191	  4.8436	  0.0000	  0.0000	  0.0000
  0.2435	  4.8436	  0.0000	  0.0000	  0.0000
  0.3678	  4.8436	  0.0000	  0.0000	  0.0000
  0.4921	  4.8436	  0.0000	  0.0000	  0.0000
  0.6165	  4.8436	  0.0000	  0.0000	  0.0000
  0.7408	  4.8436	  0.0000	  0.0000	  0.0000
  0.8651	  4.8436	  0.0000	  0.0000	  0.0000
  0.9894	  4.8436	  0.0000	  0.0000	  0.0000
  1.1138	  4.8436	  0.0000	  0.0000	  0.0000
  1.2381	  4.8436	 -0.0008	  0.0000	  1.0000
  1.3624	  4.8436	 -0.0008	  0.0000	  1.0000
  1.4867	  4.8436	  0.0000	  0.0000	  0.0000
  1.6111	  4.8436	  0.0000	  0.0000	  0.0000
  1.7354	  4.8436	  0.0000	  0.0000	  0.0000
  1.8597	  4.8436	  0.0000	  0.0000	  0.0000
  1.9840	  4.8436	  0.0000	  0.0000	  0.0000
  2.1084	  4.8436	  0.0000	  0.0000	  0.0000
  2.2327	  4.8436	  0.0000	  0.0000	  0.0000
  0.1191	  4.7192	  0.0000	  0.0000	  0.0000
  0.2435	  4.7192	  0.0000	  0.0000	  0.0000
  0.3678	  4.7192	  0.0000	  0.0000	  0.0000
  0.4921	  4.7192	  0.0000	  0.0000	  0.0000
  0.6165	  4.7192	  0.0000	  0.0000	  0.0000
  0.7408	  4.7192	  0.0000	  0.0000	  0.0000
  0.8651	  4.7192	  0.0000	  0.0000	  0.0000
  0.9894	  4.7192	  0.0000	  0.0000	  0.0000
  1.1138	  4.7192	  0.0000	  0.0000	  0.0000
  1.2381	  4.7192	  0.0000	  0.0000	  0.0000
  1.3624	  4.7192	  0.0000	  0.0000	  0.0000
  1.4867	  4.7192	  0.0000	  0.0000	  0.0000
  1.6111	  4.7192	  0.0000	  0.0000	  0.0000
  1.7354	  4.7192	  0.0000	  0.0000	  0.0000
  1.8597	  4.7192	  0.0000	  0.0000	  0.0000
  1.9840	  4.7192	  0.0000	  0.0000	  0.0000
  2.1084	  4.7192	  0.0000	  0.0000	  1.0000
  2.2327	  4.7192	  0.0000	  0.0000	  1.0000
  0.1191	  4.5949	  0.0000	  0.0000	  0.0000
  0.2435	  4.5949	  0.0000	  0.0000	  0.0000
  0.3678	  4.5949	  0.0000	  0.0000	  0.0000
  0.4921	  4.5949	  0.0000	  0.0000	  0.0000
  0.6165	  4.5949	  0.0000	  0.0000	  0.0000
  0.7408	  4.5949	  0.0000	  0.0000	  0.0000
  0.8651	  4.5949	  0.0000	  0.0000	  0.0000
  0.9894	  4.5949	  0.0000	  0.0000	  0.0000
  1.1138	  4.5949	  0.0000	  0.0000	  0.0000
  1.2381	  4.5949	  0.0000	  0.0000	  0.0000
  1.3624	  4.5949	  0.0000	  0.0000	  0.0000
  1.4867	  4.5949	  0.0000	  0.0000	  0.0000
  1.6111	  4.5949	  0.0000	  0.0000	  0.0000
  1.7354	  4.5949	  0.0000	  0.0000	  1.0000
  1.8597	  4.5949	  0.0000	  0.0000	  1.0000
  1.9840	  4.5949	  0.0000	  0.0000	  0.0000
  2.1084	  4.5949	  0.0000	  0.0000	  1.0000
  2.2327	  4.5949	  0.0000	  0.0000	  1.0000
  0.1191	  4.4706	  0.0000	  0.0000	  0.0000
  0.2435	  4.4706	  0.0000	  0.0000	  0.0000
  0.3678	  4.4706	  0.0000	  0.0000	  0.0000
  0.4921	  4.4706	  0.0000	  0.0000	  0.0000
  0.6165	  4.4706	  0.0000	  0.0000	  0.0000
  0.7408	  4.4706	  0.0000	  0.0000	  0.0000
  0.8651	  4.4706	  0.0000	  0.0000	  0.0000
  0.9894	  4.4706	  0.0000	  0.0000	  0.0000
  1.1138	  4.4706	  0.0000	  0.0000	  0.0000
  1.2381	  4.4706	  0.0000	  0.0000	  0.0000
  1.3624	  4.4706	  0.0000	  0.0000	  0.0000
  1.4867	  4.4706	  0.0000	  0.0000	  0.0000
  1.6111	  4.4706	  0.0000	  0.0000	  0.0000
  1.7354	  4.4706	  0.0000	  0.0000	  1.0000
  1.8597	  4.4706	  0.0000	  0.0000	  1.0000
  1.9840	  4.4706	  0.0000	  0.0000	  0.0000
  2.1084	  4.4706	  0.0000	  0.0000	  1.0000
  2.2327	  4.4706	  0.0000	  0.0000	  1.0000
  0.1191	  4.3462	  0.0000	  0.0000	  0.0000
  0.2435	  4.3462	  0.0000	  0.0000	  0.0000
  0.3678	  4.3462	  0.0000	  0.0000	  0.0000
  0.4921	  4.3462	  0.0000	  0.0000	  0.0000
  0.6165	  4.3462	  0.0000	  0.0000	  0.0000
  0.7408	  4.3462	  0.0000	  0.0000	  0.0000
  0.8651	  4.3462	  0.0000	  0.0000	  0.0000
  0.9894	  4.3462	  0.0000	  0.0000	  0.0000
  1.1138	  4.3462	  0.0000	  0.0000	  0.0000
  1.2381	  4.3462	  0.0000	  0.0000	  0.0000
  1.3624	  4.3462	  0.0000	  0.0000	  0.0000
  1.4867	  4.3462	  0.0000	  0.0000	  0.0000
  1.6111	  4.3462	  0.0000	  0.0000	  0.0000
  1.7354	  4.3462	  0.0000	  0.0000	  0.0000
  1.8597	  4.3462	  0.0000	  0.0000	  0.0000
  1.9840	  4.3462	  0.0000	  0.0000	  0.0000
  2.1084	  4.3462	  0.0000	  0.0000	  0.0000
  2.2327	  4.3462	  0.0000	  0.0000	  0.0000
  0.1191	  4.2219	  0.0000	  0.0000	  0.0000
  0.2435	  4.2219	  0.0000	  0.0000	  0.0000
  0.3678	  4.2219	  0.0000	  0.0000	  0.0000
  0.4921	  4.2219	  0.0000	  0.0000	  0.0000
  0.6165	  4.2219	  0.0000	  0.0000	  0.0000
  0.7408	  4.2219	  0.0000	  0.0000	  0.0000
  0.8651	  4.2219	  0.0000	  0.0000	  0.0000
  0.9894	  4.2219	  0.0000	  0.0000	  0.0000
  1.1138	  4.2219	  0.0000	  0.0000	  0.0000
  1.2381	  4.2219	  0.0000	  0.0000	  0.0000
  1.3624	  4.2219	  0.0000	  0.0000	  0.0000
  1.4867	  4.2219	  0.0000	  0.0000	  0.0000
  1.6111	  4.2219	  0.0000	  0.0000	  0.0000
  1.7354	  4.2219	  0.0000	  0.0000	  0.0000
  1.8597	  4.2219	  0.0000	  0.0000	  0.0000
  1.9840	  4.2219	  0.0000	  0.0000	  0.0000
  2.1084	  4.2219	  0.0000	  0.0000	  0.0000
  2.2327	  4.2219	  0.0000	  0.0000	  0.0000
  0.1191	  4.0976	  0.0000	  0.0000	  0.0000
  0.2435	  4.0976	  0.0000	  0.0000	  0.0000
  0.3678	  4.0976	  0.0000	  0.0000	  0.0000
  0.4921	  4.0976	  0.0000	  0.0000	  0.0000
  0.6165	  4.0976	  0.0000	  0.0000	  0.0000
  0.7408	  4.0976	  0.0000	  0.0000	  0.0000
  0.8651	  4.0976	  0.0000	  0.0000	  0.0000
  0.9894	  4.0976	  0.0000	  0.0000	  0.0000
  1.1138	  4.0976	  0.0000	  0.0000	  0.0000
  1.2381	  4.0976	  0.0000	  0.0000	  0.0000
  1.3624	  4.0976	  0.0000	  0.0000	  0.0000
  1.4867	  4.0976	  0.0000	  0.0000	  0.0000
  1.6111	  4.0976	  0.0000	  0.0000	  0.0000
  1.7354	  4.0976	  0.0000	  0.0000	  0.0000
  1.8597	  4.0976	  0.0000	  0.0000	  0.0000
  1.9840	  4.0976	  0.0000	  0.0000	  0.0000
  2.1084	  4.0976	  0.0000	  0.0000	  0.0000
  2.2327	  4.0976	  0.0000	  0.0000	  0.0000
  0.1191	  3.9733	  0.0000	  0.0000	  0.0000
  0.2435	  3.9733	  0.0000	  0.0000	  0.0000
  0.3678	  3.9733	  0.0000	  0.0000	  0.0000
  0.4921	  3.9733	  0.0000	  0.0000	  0.0000
  0.6165	  3.9733	  0.0000	  0.0000	  0.0000
  0.7408	  3.9733	  0.0000	  0.0000	  0.0000
  0.8651	  3.9733	  0.0000	  0.0000	  0.0000
  0.9894	  3.9733	  0.0000	  0.0000	  0.0000
  1.1138	  3.9733	  0.0000	  0.0000	  0.0000
  1.2381	  3.9733	  0.0000	  0.0000	  0.0000
  1.3624	  3.9733	  0.0000	  0.0000	  0.0000
  1.4867	  3.9733	  0.0000	  0.0000	  0.0000
  1.6111	  3.9733	  0.0000	  0.0000	  0.0000
  1.7354	  3.9733	  0.0000	  0.0000	  1.0000
  1.8597	  3.9733	  0.0000	  0.0000	  1.0000
  1.9840	  3.9733	  0.0000	  0.0000	  0.0000
  2.1084	  3.9733	  0.0000	  0.0000	  0.0000
  2.2327	  3.9733	  0.0000	  0.0000	  0.0000
  0.1191	  3.8489	  0.0000	  0.0000	  0.0000
  0.2435	  3.8489	  0.0000	  0.0000	  0.0000
  0.3678	  3.8489	  0.0000	  0.0000	  0.0000
  0.4921	  3.8489	  0.0000	  0.0000	  0.0000
  0.6165	  3.8489	  0.0000	  0.0000	  0.0000
  0.7408	  3.8489	  0.0000	  0.0000	  0.0000
  0.8651	  3.8489	  0.0000	  0.0000	  0.0000
  0.9894	  3.8489	  0.0000	  0.0000	  0.0000
  1.1138	  3.8489	  0.0000	  0.0000	  0.0000
  1.2381	  3.8489	  0.0000	  0.0000	  0.0000
  1.3624	  3.8489	  0.0000	  0.0000	  0.0000
  1.4867	  3.8489	  0.0000	  0.0000	  0.0000
  1.6111	  3.8489	  0.0000	  0.0000	  0.0000
  1.7354	  3.8489	  0.0000	  0.0000	  1.0000
  1.8597	  3.8489	  0.0000	  0.0000	  1.0000
  1.9840	  3.8489	  0.0000	  0.0000	  0.0000
  2.1084	  3.8489	  0.0000	  0.0000	  0.0000
  2.2327	  3.8489	  0.0000	  0.0000	  0.0000
  0.1191	  3.7246	  0.0000	  0.0000	  0.0000
  0.2435	  3.7246	  0.0000	  0.0000	  0.0000
  0.3678	  3.7246	  0.0000	  0.0000	  0.0000
  0.4921	  3.7246	  0.0000	  0.0000	  0.0000
  0.6165	  3.7246	  0.0000	  0.0000	  0.0000
  0.7408	  3.7246	  0.0000	  0.0000	  0.0000
  0.8651	  3.7246	  0.0000	  0.0000	  0.0000
  0.9894	  3.7246	  0.0000	  0.0000	  0.0000
  1.1138	  3.7246	  0.0000	  0.0000	  0.0000
  1.2381	  3.7246	  0.0000	  0.0000	  0.0000
  1.3624	  3.7246	  0.0000	  0.0000	  0.0000
  1.4867	  3.7246	  0.0000	  0.0000	  0.0000
  1.6111	  3.7246	  0.0000	  0.0000	  0.0000
  1.7354	  3.7246	  0.0000	  0.0000	  0.0000
  1.8597	  3.7246	  0.0000	  0.0000	  0.0000
  1.9840	  3.7246	  0.0000	  0.0000	  0.0000
  2.1084	  3.7246	  0.0000	  0.0000	  0.0000
  2.2327	  3.7246	  0.0000	  0.0000	  0.0000
  0.1191	  3.6003	  0.0000	  0.0000	  0.0000
  0.2435	  3.6003	  0.0000	  0.0000	  0.0000
  0.3678	  3.6003	  0.0000	  0.0000	  0.0000
  0.4921	  3.6003	  0.0000	  0.0000	  0.0000
  0.6165	  3.6003	  0.0000	  0.0000	  0.0000
  0.7408	  3.6003	  0.0000	  0.0000	  0.0000
  0.8651	  3.6003	  0.0000	  0.0000	  0.0000
  0.9894	  3.6003	  0.0000	  0.0000	  0.0000
  1.1138	  3.6003	  0.0000	  0.0000	  0.0000
  1.2381	  3.6003	  0.0000	  0.0000	  0.0000
  1.3624	  3.6003	  0.0000	  0.0000	  0.0000
  1.4867	  3.6003	  0.0000	  0.0000	  0.0000
  1.6111	  3.6003	  0.0000	  0.0000	  0.0000
  1.7354	  3.6003	  0.0000	  0.0000	  0.0000
  1.8597	  3.6003	  0.0000	  0.0000	  0.0000
  1.9840	  3.6003	  0.0000	  0.0000	  0.0000
  2.1084	  3.6003	  0.0000	  0.0000	  0.0000
  2.2327	  3.6003	  0.0000	  0.0000	  0.0000
  0.1191	  3.4760	  0.0000	  0.0000	  0.0000
  0.2435	  3.4760	  0.0000	  0.0000	  0.0000
  0.3678	  3.4760	  0.0000	  0.0000	  0.0000
  0.4921	  3.4760	  0.0000	  0.0000	  0.0000
  0.6165	  3.4760	  0.0000	  0.0000	  0.0000
  0.7408	  3.4760	  0.0000	  0.0000	  0.0000
  0.8651	  3.4760	  0.0000	  0.0000	  0.0000
  0.9894	  3.4760	  0.0000	  0.0000	  0.0000
  1.1138	  3.4760	  0.0000	  0.0000	  0.0000
  1.2381	  3.4760	  0.0000	  0.0000	  0.0000
  1.3624	  3.4760	  0.0000	  0.0000	  1.0000
  1.4867	  3.4760	  0.0000	  0.0000	  1.0000
  1.6111	  3.4760	  0.0000	  0.0000	  0.0000
  1.7354	  3.4760	  0.0000	  0.0000	  0.0000
  1.8597	  3.4760	  0.0000	  0.0000	  0.0000
  1.9840	  3.4760	  0.0000	  0.0000	  0.0000
  2.1084	  3.4760	  0.0000	  0.0000	  0.0000
  2.2327	  3.4760	  0.0000	  0.0000	  0.0000
  0.1191	  3.3516	  0.0000	  0.0000	  0.0000
  0.2435	  3.3516	  0.0000	  0.0000	  0.0000
  0.3678	  3.3516	  0.0000	  0.0000	  0.0000
  0.4921	  3.3516	  0.0000	  0.0000	  0.0000
  0.6165	  3.3516	  0.0000	  0.0000	  0.0000
  0.7408	  3.3516	  0.0000	  0.0000	  0.0000
  0.8651	  3.3516	  0.0000	  0.0000	  0.0000
  0.9894	  3.3516	  0.0000	  0.0000	  0.0000
  1.1138	  3.3516	  0.0000	  0.0000	  0.0000
  1.2381	  3.3516	  0.0000	  0.0000	  0.0000
  1.3624	  3.3516	  0.0000	  0.0000	  1.0000
  1.4867	  3.3516	  0.0000	  0.0000	  1.0000
  1.6111	  3.3516	  0.0000	  0.0000	  0.0000
  1.7354	  3.3516	  0.0000	  0.0000	  0.0000
  1.8597	  3.3516	  0.0000	  0.0000	  0.0000
  1.9840	  3.3516	  0.0000	  0.0000	  0.0000
  2.1084	  3.3516	  0.0000	  0.0000	  0.0000
  2.2327	  3.3516	  0.0000	  0.0000	  0.0000
  0.1191	  3.2273	  0.0000	  0.0000	  0.0000
  0.2435	  3.2273	  0.0000	  0.0000	  0.0000
  0.3678	  3.2273	  0.0000	  0.0000	  0.0000
  0.4921	  3.2273	  0.0000	  0.0000	  0.0000
  0.6165	  3.2273	  0.0000	  0.0000	  0.0000
  0.7408	  3.2273	  0.0000	  0.0000	  0.0000
  0.8651	  3.2273	  0.0000	  0.0000	  0.0000
  0.9894	  3.2273	  0.0000	  0.0000	  0.0000
  1.1138	  3.2273	  0.0000	  0.0000	  0.0000
  1.2381	  3.2273	  0.0000	  0.0000	  0.0000
  1.3624	  3.2273	  0.0000	  0.0000	  0.0000
  1.4867	  3.2273	  0.0000	  0.0000	  0.0000
  1.6111	  3.2273	  0.0000	  0.0000	  0.0000
  1.7354	  3.2273	  0.0000	  0.0000	  0.0000
  1.8597	  3.2273	  0.0000	  0.0000	  0.0000
  1.9840	  3.2273	  0.0000	  0.0000	  0.0000
  2.1084	  3.2273	  0.0000	  0.0000	  0.0000
  2.2327	  3.2273	  0.0000	  0.0000	  0.0000
  0.1191	  3.1030	  0.0000	  0.0000	  0.0000
  0.2435	  3.1030	  0.0000	  0.0000	  0.0000
  0.3678	  3.1030	  0.0000	  0.0000	  0.0000
  0.4921	  3.1030	  0.0000	  0.0000	  0.0000
  0.6165	  3.1030	  0.0000	  0.0000	  0.0000
  0.7408	  3.1030	  0.0000	  0.0000	  0.0000
  0.8651	  3.1030	  0.0000	  0.0000	  0.0000
  0.9894	  3.1030	  0.0000	  0.0000	  0.0000
  1.1138	  3.1030	  0.0000	  0.0000	  0.0000
  1.2381	  3.1030	  0.0000	  0.0000	  0.0000
  1.3624	  3.1030	  0.0000	  0.0000	  0.0000
  1.4867	  3.1030	  0.0000	  0.0000	  0.0000
  1.6111	  3.1030	  0.0000	  0.0000	  0.0000
  1.7354	  3.1030	  0.0000	  0.0000	  0.0000
  1.8597	  3.1030	  0.0000	  0.0000	  0.0000
  1.9840	  3.1030	  0.0000	  0.0000	  0.0000
  2.1084	  3.1030	  0.0000	  0.0000	  0.0000
  2.2327	  3.1030	  0.0000	  0.0000	  0.0000
  0.1191	  2.9787	  0.0000	  0.0000	  0.0000
  0.2435	  2.9787	  0.0000	  0.0000	  0.0000
  0.3678	  2.9787	  0.0000	  0.0000	  0.0000
  0.4921	  2.9787	  0.0000	  0.0000	  0.0000
  0.6165	  2.9787	  0.0000	  0.0000	  0.0000
  0.7408	  2.9787	  0.0000	  0.0000	  0.0000
  0.8651	  2.9787	  0.0000	  0.0000	  0.0000
  0.9894	  2.9787	  0.0000	  0.0000	  0.0000
  1.1138	  2.9787	  0.0000	  0.0000	  0.0000
  1.2381	  2.9787	  0.0000	  0.0000	  0.0000
  1.3624	  2.9787	  0.0000	  0.0000	  0.0000
  1.4867	  2.9787	  0.0000	  0.0000	  0.0000
  1.6111	  2.9787	  0.0000	  0.0000	  0.0000
  1.7354	  2.9787	  0.0000	  0.0000	  0.0000
  1.8597	  2.9787	  0.0000	  0.0000	  0.0000
  1.9840	  2.9787	  0.0000	  0.0000	  0.0000
  2.1084	  2.9787	  0.0000	  0.0000	  0.0000
  2.2327	  2.9787	  0.0000	  0.0000	  0.0000
  0.1191	  2.8543	  0.0000	  0.0000	  0.0000
  0.2435	  2.8543	  0.0000	  0.0000	  0.0000
  0.3678	  2.8543	  0.0000	  0.0000	  0.0000
  0.4921	  2.8543	  0.0000	  0.0000	  0.0000
  0.6165	  2.8543	  0.0000	  0.0000	  0.0000
  0.7408	  2.8543	  0.0000	  0.0000	  0.0000
  0.8651	  2.8543	  0.0000	  0.0000	  0.0000
  0.9894	  2.8543	  0.0000	  0.0000	  0.0000
  1.1138	  2.8543	  0.0000	  0.0000	  0.0000
  1.2381	  2.8543	  0.0000	  0.0000	  0.0000
  1.3624	  2.8543	  0.0000	  0.0000	  0.0000
  1.4867	  2.8543	  0.0000	  0.0000	  0.0000
  1.6111	  2.8543	  0.0000	  0.0000	  0.0000
  1.7354	  2.8543	  0.0000	  0.0000	  0.0000
  1.8597	  2.8543	  0.0000	  0.0000	  0.0000
  1.9840	  2.8543	  0.0000	  0.0000	  0.0000
  2.1084	  2.8543	  0.0000	  0.0000	  0.0000
  2.2327	  2.8543	  0.0000	  0.0000	  0.0000
  0.1191	  2.7300	  0.0000	  0.0000	  0.0000
  0.2435	  2.7300	  0.0000	  0.0000	  0.0000
  0.3678	  2.7300	  0.0000	  0.0000	  0.0000
  0.4921	  2.7300	  0.0000	  0.0000	  0.0000
  0.6165	  2.7300	  0.0000	  0.0000	  0.0000
  0.7408	  2.7300	  0.0000	  0.0000	  0.0000
  0.8651	  2.7300	  0.0000	  0.0000	  0.0000
  0.9894	  2.7300	  0.0000	  0.0000	  0.0000
  1.1138	  2.7300	  0.0000	  0.0000	  0.0000
  1.2381	  2.7300	  0.0000	  0.0000	  0.0000
  1.3624	  2.7300	  0.0000	  0.0000	  0.0000
  1.4867	  2.7300	  0.0000	  0.0000	  0.0000
  1.6111	  2.7300	  0.0000	  0.0000	  0.0000
  1.7354	  2.7300	  0.0000	  0.0000	  0.0000
  1.8597	  2.7300	  0.0000	  0.0000	  0.0000
  1.9840	  2.7300	  0.0000	  0.0000	  0.0000
  2.1084	  2.7300	  0.0000	  0.0000	  0.0000
  2.2327	  2.7300	  0.0000	  0.0000	  0.0000
  0.1191	  2.6057	  0.0000	  0.0000	  0.0000
  0.2435	  2.6057	  0.0000	  0.0000	  0.0000
  0.3678	  2.6057	  0.0000	  0.0000	  0.0000
  0.4921	  2.6057	  0.0000	  0.0000	  0.0000
  0.6165	  2.6057	  0.0000	  0.0000	  0.0000
  0.7408	  2.6057	  0.0000	  0.0000	  0.0000
  0.8651	  2.6057	  0.0000	  0.0000	  0.0000
  0.9894	  2.6057	  0.0000	  0.0000	  0.0000
  1.1138	  2.6057	  0.0000	  0.0000	  0.0000
  1.2381	  2.6057	  0.0000	  0.0000	  0.0000
  1.3624	  2.6057	  0.0000	  0.0000	  0.0000
  1.4867	  2.6057	  0.0000	  0.0000	  0.0000
  1.6111	  2.6057	  0.0000	  0.0000	  0.0000
  1.7354	  2.6057	  0.0000	  0.0000	  0.0000
  1.8597	  2.6057	  0.0000	  0.0000	  0.0000
  1.9840	  2.6057	  0.0000	  0.0000	  0.0000
  2.1084	  2.6057	  0.0000	  0.0000	  0.0000
  2.2327	  2.6057	  0.0000	  0.0000	  0.0000
  0.1191	  2.4814	  0.0000	  0.0000	  0.0000
  0.2435	  2.4814	  0.0000	  0.0000	  0.0000
  0.3678	  2.4814	  0.0000	  0.0000	  0.0000
  0.4921	  2.4814	  0.0000	  0.0000	  0.0000
  0.6165	  2.4814	  0.0000	  0.0000	  0.0000
  0.7408	  2.4814	  0.0000	  0.0000	  0.0000
  0.8651	  2.4814	  0.0000	  0.0000	  0.0000
  0.9894	  2.4814	  0.0000	  0.0000	  0.0000
  1.1138	  2.4814	  0.0000	  0.0000	  0.0000
  1.2381	  2.4814	  0.0000	  0.0000	  0.0000
  1.3624	  2.4814	  0.0000	  0.0000	  0.0000
  1.4867	  2.4814	  0.0000	  0.0000	  0.0000
  1.6111	  2.4814	  0.0000	  0.0000	  0.0000
  1.7354	  2.4814	  0.0000	  0.0000	  0.0000
  1.8597	  2.4814	  0.0000	  0.0000	  0.0000
  1.9840	  2.4814	  0.0000	  0.0000	  0.0000
  2.1084	  2.4814	  0.0000	  0.0000	  0.0000
  2.2327	  2.4814	  0.0000	  0.0000	  0.0000
  0.1191	  2.3570	  0.0000	  0.0000	  0.0000
  0.2435	  2.3570	  0.0000	  0.0000	  0.0000
  0.3678	  2.3570	  0.0000	  0.0000	  0.0000
  0.4921	  2.3570	  0.0000	  0.0000	  0.0000
  0.6165	  2.3570	  0.0000	  0.0000	  0.0000
  0.7408	  2.3570	  0.0000	  0.0000	  0.0000
  0.8651	  2.3570	  0.0000	  0.0000	  0.0000
  0.9894	  2.3570	  0.0000	  0.0000	  0.0000
  1.1138	  2.3570	  0.0000	  0.0000	  0.0000
  1.2381	  2.3570	  0.0000	  0.0000	  0.0000
  1.3624	  2.3570	  0.0000	  0.0000	  0.0000
  1.4867	  2.3570	  0.0000	  0.0000	  0.0000
  1.6111	  2.3570	  0.0000	  0.0000	  0.0000
  1.7354	  2.3570	  0.0000	  0.0000	  0.0000
  1.8597	  2.3570	  0.0000	  0.0000	  0.0000
  1.9840	  2.3570	  0.0000	  0.0000	  0.0000
  2.1084	  2.3570	  0.0000	  0.0000	  0.0000
  2.2327	  2.3570	  0.0000	  0.0000	  0.0000
  0.1191	  2.2327	  0.0000	  0.0000	  0.0000
  0.2435	  2.2327	  0.0000	  0.0000	  0.0000
  0.3678	  2.2327	  0.0000	  0.0000	  0.0000
  0.4921	  2.2327	  0.0000	  0.0000	  0.0000
  0.6165	  2.2327	  0.0000	  0.0000	  0.0000
  0.7408	  2.2327	  0.0000	  0.0000	  0.0000
  0.8651	  2.2327	  0.0000	  0.0000	  0.0000
  0.9894	  2.2327	  0.0000	  0.0000	  0.0000
  1.1138	  2.2327	  0.0000	  0.0000	  0.0000
  1.2381	  2.2327	  0.0000	  0.0000	  0.0000
  1.3624	  2.2327	  0.0000	  0.0000	  0.0000
  1.4867	  2.2327	  0.0000	  0.0000	  0.0000
  1.6111	  2.2327	  0.0000	  0.0000	  0.0000
  1.7354	  2.2327	  0.0000	  0.0000	  0.0000
  1.8597	  2.2327	  0.0000	  0.0000	  0.0000
  1.9840	  2.2327	  0.0000	  0.0000	  0.0000
  2.1084	  2.2327	  0.0000	  0.0000	  0.0000
  2.2327	  2.2327	  0.0000	  0.0000	  0.0000
  0.1191	  2.1084	  0.0000	  0.0000	  0.0000
  0.2435	  2.1084	  0.0000	  0.0000	  0.0000
  0.3678	  2.1084	  0.0000	  0.0000	  0.0000
  0.4921	  2.1084	  0.0000	  0.0000	  0.0000
  0.6165	  2.1084	  0.0000	  0.0000	  0.0000
  0.7408	  2.1084	  0.0000	  0.0000	  0.0000
  0.8651	  2.1084	  0.0000	  0.0000	  0.0000
  0.9894	  2.1084	  0.0000	  0.0000	  0.0000
  1.1138	  2.1084	  0.0000	  0.0000	  0.0000
  1.2381	  2.1084	  0.0000	  0.0000	  0.0000
  1.3624	  2.1084	  0.0000	  0.0000	  0.0000
  1.4867	  2.1084	  0.0000	  0.0000	  0.0000
  1.6111	  2.1084	  0.0000	  0.0000	  0.0000
  1.7354	  2.1084	  0.0000	  0.0000	  0.0000
  1.8597	  2.1084	  0.0000	  0.0000	  0.0000
  1.9840	  2.1084	  0.0000	  0.0000	  0.0000
  2.1084	  2.1084	  0.0000	  0.0000	  0.0000
  2.2327	  2.1084	  0.0000	  0.0000	  0.0000
  0.1191	  1.9840	  0.0000	  0.0000	  0.0000
  0.2435	  1.9840	  0.0000	  0.0000	  0.0000
  0.3678	  1.9840	  0.0000	  0.0000	  0.0000
  0.4921	  1.9840	  0.0000	  0.0000	  0.0000
  0.6165	  1.9840	  0.0000	  0.0000	  0.0000
  0.7408	  1.9840	  0.0000	  0.0000	  0.0000
  0.8651	  1.9840	  0.0000	  0.0000	  0.0000
  0.9894	  1.9840	  0.0000	  0.0000	  0.0000
  1.1138	  1.9840	  0.0000	  0.0000	  0.0000
  1.2381	  1.9840	  0.0000	  0.0000	  0.0000
  1.3624	  1.9840	  0.0000	  0.0000	  0.0000
  1.4867	  1.9840	  0.0000	  0.0000	  0.0000
  1.6111	  1.9840	  0.0000	  0.0000	  0.0000
  1.7354	  1.9840	  0.0000	  0.0000	  0.0000
  1.8597	  1.9840	  0.0000	  0.0000	  0.0000
  1.9840	  1.9840	  0.0000	  0.0000	  0.0000
  2.1084	  1.9840	  0.0000	  0.0000	  0.0000
  2.2327	  1.9840	  0.0000	  0.0000	  0.0000
  0.1191	  1.8597	  0.0000	  0.0000	  0.0000
  0.2435	  1.8597	  0.0000	  0.0000	  0.0000
  0.3678	  1.8597	  0.0000	  0.0000	  0.0000
  0.4921	  1.8597	  0.0000	  0.0000	  0.0000
  0.6165	  1.8597	  0.0000	  0.0000	  0.0000
  0.7408	  1.8597	  0.0000	  0.0000	  0.0000
  0.8651	  1.8597	  0.0000	  0.0000	  0.0000
  0.9894	  1.8597	  0.0000	  0.0000	  0.0000
  1.1138	  1.8597	  0.0000	  0.0000	  0.0000
  1.2381	  1.8597	  0.0000	  0.0000	  0.0000
  1.3624	  1.8597	  0.0000	  0.0000	  0.0000
  1.4867	  1.8597	  0.0000	  0.0000	  0.0000
  1.6111	  1.8597	  0.0000	  0.0000	  0.0000
  1.7354	  1.8597	  0.0000	  0.0000	  0.0000
  1.8597	  1.8597	  0.0000	  0.0000	  0.0000
  1.9840	  1.8597	  0.0000	  0.0000	  0.0000
  2.1084	  1.8597	  0.0000	  0.0000	  0.0000
  2.2327	  1.8597	  0.0000	  0.0000	  0.0000
  0.1191	  1.7354	  0.0000	  0.0000	  0.0000
  0.2435	  1.7354	  0.0000	  0.0000	  0.0000
  0.3678	  1.7354	  0.0000	  0.0000	  0.0000
  0.4921	  1.7354	  0.0000	  0.0000	  0.0000
  0.6165	  1.7354	  0.0000	  0.0000	  0.0000
  0.7408	  1.7354	  0.0000	  0.0000	  0.0000
  0.8651	  1.7354	  0.0000	  0.0000	  0.0000
  0.9894	  1.7354	  0.0000	  0.0000	  0.0000
  1.1138	  1.7354	  0.0000	  0.0000	  0.0000
  1.2381	  1.7354	  0.0000	  0.0000	  0.0000
  1.3624	  1.7354	  0.0000	  0.0000	  0.0000
  1.4867	  1.7354	  0.0000	  0.0000	  0.0000
  1.6111	  1.7354	  0.0000	  0.0000	  0.0000
  1.7354	  1.7354	  0.0000	  0.0000	  0.0000
  1.8597	  1.7354	  0.0000	  0.0000	  0.0000
  1.9840	  1.7354	  0.0000	  0.0000	  0.0000
  2.1084	  1.7354	  0.0000	  0.0000	  0.0000
  2.2327	  1.7354	  0.0000	  0.0000	  0.0000
  0.1191	  1.6111	  0.0000	  0.0000	  0.0000
  0.2435	  1.6111	  0.0000	  0.0000	  0.0000
  0.3678	  1.6111	  0.0000	  0.0000	  0.0000
  0.4921	  1.6111	  0.0000	  0.0000	  0.0000
  0.6165	  1.6111	  0.0000	  0.0000	  0.0000
  0.7408	  1.6111	  0.0000	  0.0000	  0.0000
  0.8651	  1.6111	  0.0000	  0.0000	  0.0000
  0.9894	  1.6111	  0.0000	  0.0000	  0.0000
  1.1138	  1.6111	  0.0000	  0.0000	  0.0000
  1.2381	  1.6111	  0.0000	  0.0000	  0.0000
  1.3624	  1.6111	  0.0000	  0.0000	  0.0000
  1.4867	  1.6111	  0.0000	  0.0000	  0.0000
  1.6111	  1.6111	  0.0000	  0.0000	  0.0000
  1.7354	  1.6111	  0.0000	  0.0000	  0.0000
  1.8597	  1.6111	  0.0000	  0.0000	  0.0000
  1.9840	  1.6111	  0.0000	  0.0000	  0.0000
  2.1084	  1.6111	  0.0000	  0.0000	  0.0000
  2.2327	  1.6111	  0.0000	  0.0000	  0.0000
  0.1191	  1.4867	  0.0000	  0.0000	  0.0000
  0.2435	  1.4867	  0.0000	  0.0000	  0.0000
  0.3678	  1.4867	  0.0000	  0.0000	  0.0000
  0.4921	  1.4867	  0.0000	  0.0000	  0.0000
  0.6165	  1.4867	  0.0000	  0.0000	  0.0000
  0.7408	  1.4867	  0.0000	  0.0000	  0.0000
  0.8651	  1.4867	  0.0000	  0.0000	  0.0000
  0.9894	  1.4867	  0.0000	  0.0000	  0.0000
  1.1138	  1.4867	  0.0000	  0.0000	  0.0000
  1.2381	  1.4867	  0.0000	  0.0000	  0.0000
  1.3624	  1.4867	  0.0000	  0.0000	  0.0000
  1.4867	  1.4867	  0.0000	  0.0000	  0.0000
  1.6111	  1.4867	  0.0000	  0.0000	  0.0000
  1.7354	  1.4867	  0.0000	  0.0000	  0.0000
  1.8597	  1.4867	  0.0000	  0.0000	  0.0000
  1.9840	  1.4867	  0.0000	  0.0000	  0.0000
  2.1084	  1.4867	  0.0000	  0.0000	  0.0000
  2.2327	  1.4867	  0.0000	  0.0000	  0.0000
  0.1191	  1.3624	  0.0000	  0.0000	  0.0000
  0.2435	  1.3624	  0.0000	  0.0000	  0.0000
  0.3678	  1.3624	  0.0000	  0.0000	  0.0000
  0.4921	  1.3624	  0.0000	  0.0000	  0.0000
  0.6165	  1.3624	  0.0000	  0.0000	  0.0000
  0.7408	  1.3624	  0.0000	  0.0000	  0.0000
  0.8651	  1.3624	  0.0000	  0.0000	  0.0000
  0.9894	  1.3624	  0.0000	  0.0000	  0.0000
  1.1138	  1.3624	  0.0000	  0.0000	  0.0000
  1.2381	  1.3624	  0.0000	  0.0000	  0.0000
  1.3624	  1.3624	  0.0000	  0.0000	  0.0000
  1.4867	  1.3624	  0.0000	  0.0000	  0.0000
  1.6111	  1.3624	  0.0000	  0.0000	  0.0000
  1.7354	  1.3624	  0.0000	  0.0000	  0.0000
  1.8597	  1.3624	  0.0000	  0.0000	  0.0000
  1.9840	  1.3624	  0.0000	  0.0000	  0.0000
  2.1084	  1.3624	  0.0000	  0.0000	  0.0000
  2.2327	  1.3624	  0.0000	  0.0000	  0.0000
  0.1191	  1.2381	  0.0000	  0.0000	  0.0000
  0.2435	  1.2381	  0.0000	  0.0000	  0.0000
  0.3678	  1.2381	  0.0000	  0.0000	  0.0000
  0.4921	  1.2381	  0.0000	  0.0000	  0.0000
  0.6165	  1.2381	  0.0000	  0.0000	  0.0000
  0.7408	  1.2381	  0.0000	  0.0000	  0.0000
  0.8651	  1.2381	  0.0000	  0.0000	  0.0000
  0.9894	  1.2381	  0.0000	  0.0000	  0.0000
  1.1138	  1.2381	  0.0000	  0.0000	  0.0000
  1.2381	  1.2381	  0.0000	  0.0000	  0.0000
  1.3624	  1.2381	  0.0000	  0.0000	  0.0000
  1.4867	  1.2381	  0.0000	  0.0000	  0.0000
  1.6111	  1.2381	  0.0000	  0.0000	  0.0000
  1.7354	  1.2381	  0.0000	  0.0000	  0.0000
  1.8597	  1.2381	  0.0000	  0.0000	  0.0000
  1.9840	  1.2381	  0.0000	  0.0000	  0.0000
  2.1084	  1.2381	  0.0000	  0.0000	  0.0000
  2.2327	  1.2381	  0.0000	  0.0000	  0.0000
  0.1191	  1.1138	  0.0000	  0.0000	  0.0000
  0.2435	  1.1138	  0.0000	  0.0000	  0.0000
  0.3678	  1.1138	  0.0000	  0.0000	  0.0000
  0.4921	  1.1138	  0.0000	  0.0000	  0.0000
  0.6165	  1.1138	  0.0000	  0.0000	  0.0000
  0.7408	  1.1138	  0.0000	  0.0000	  0.0000
  0.8651	  1.1138	  0.0000	  0.0000	  0.0000
  0.9894	  1.1138	  0.0000	  0.0000	  0.0000
  1.1138	  1.1138	  0.0000	  0.0000	  0.0000
  1.2381	  1.1138	  0.0000	  0.0000	  0.0000
  1.3624	  1.1138	  0.0000	  0.0000	  0.0000
  1.4867	  1.1138	  0.0000	  0.0000	  0.0000
  1.6111	  1.1138	  0.0000	  0.0000	  0.0000
  1.7354	  1.1138	  0.0000	  0.0000	  0.0000
  1.8597	  1.1138	  0.0000	  0.0000	  0.0000
  1.9840	  1.1138	  0.0000	  0.0000	  0.0000
  2.1084	  1.1138	  0.0000	  0.0000	  0.0000
  2.2327	  1.1138	  0.0000	  0.0000	  0.0000
  0.1191	  0.9894	  0.0000	  0.0000	  0.0000
  0.2435	  0.9894	  0.0000	  0.0000	  0.0000
  0.3678	  0.9894	  0.0000	  0.0000	  0.0000
  0.4921	  0.9894	  0.0000	  0.0000	  0.0000
  0.6165	  0.9894	  0.0000	  0.0000	  0.0000
  0.7408	  0.9894	  0.0000	  0.0000	  0.0000
  0.8651	  0.9894	  0.0000	  0.0000	  0.0000
  0.9894	  0.9894	  0.0000	  0.0000	  0.0000
  1.1138	  0.9894	  0.0000	  0.0000	  0.0000
  1.2381	  0.9894	  0.0000	  0.0000	  0.0000
  1.3624	  0.9894	  0.0000	  0.0000	  0.0000
  1.4867	  0.9894	  0.0000	  0.0000	  0.0000
  1.6111	  0.9894	  0.0000	  0.0000	  0.0000
  1.7354	  0.9894	  0.0000	  0.0000	  0.0000
  1.8597	  0.9894	  0.0000	  0.0000	  0.0000
  1.9840	  0.9894	  0.0000	  0.0000	  0.0000
  2.1084	  0.9894	  0.0000	  0.0000	  0.0000
  2.2327	  0.9894	  0.0000	  0.0000	  0.0000
  0.1191	  0.8651	  0.0000	  0.0000	  0.0000
  0.2435	  0.8651	  0.0000	  0.0000	  0.0000
  0.3678	  0.8651	  0.0000	  0.0000	  0.0000
  0.4921	  0.8651	  0.0000	  0.0000	  0.0000
  0.6165	  0.8651	  0.0000	  0.0000	  0.0000
  0.7408	  0.8651	  0.0000	  0.0000	  0.0000
  0.8651	  0.8651	  0.0000	  0.0000	  0.0000
  0.9894	  0.8651	  0.0000	  0.0000	  0.0000
  1.1138	  0.8651	  0.0000	  0.0000	  0.0000
  1.2381	  0.8651	  0.0000	  0.0000	  0.0000
  1.3624	  0.8651	  0.0000	  0.0000	  0.0000
  1.4867	  0.8651	  0.0000	  0.0000	  0.0000
  1.6111	  0.8651	  0.0000	  0.0000	  0.0000
  1.7354	  0.8651	  0.0000	  0.0000	  0.0000
  1.8597	  0.8651	  0.0000	  0.0000	  0.0000
  1.9840	  0.8651	  0.0000	  0.0000	  0.0000
  2.1084	  0.8651	  0.0000	  0.0000	  0.0000
  2.2327	  0.8651	  0.0000	  0.0000	  0.0000
  0.1191	  0.7408	  0.0000	  0.0000	  0.0000
  0.2435	  0.7408	  0.0000	  0.0000	  0.0000
  0.3678	  0.7408	  0.0000	  0.0000	  0.0000
  0.4921	  0.7408	  0.0000	  0.0000	  0.0000
  0.6165	  0.7408	  0.0000	  0.0000	  0.0000
  0.7408	  0.7408	  0.0000	  0.0000	  0.0000
  0.8651	  0.7408	  0.0000	  0.0000	  0.0000
  0.9894	  0.7408	  0.0000	  0.0000	  0.0000
  1.1138	  0.7408	  0.0000	  0.0000	  0.0000
  1.2381	  0.7408	  0.0000	  0.0000	  0.0000
  1.3624	  0.7408	  0.0000	  0.0000	  0.0000
  1.4867	  0.7408	  0.0000	  0.0000	  0.0000
  1.6111	  0.7408	  0.0000	  0.0000	  0.0000
  1.7354	  0.7408	  0.0000	  0.0000	  0.0000
  1.8597	  0.7408	  0.0000	  0.0000	  0.0000
  1.9840	  0.7408	  0.0000	  0.0000	  0.0000
  2.1084	  0.7408	  0.0000	  0.0000	  0.0000
  2.2327	  0.7408	  0.0000	  0.0000	  0.0000
  0.1191	  0.6165	  0.0000	  0.0000	  0.0000
  0.2435	  0.6165	  0.0000	  0.0000	  0.0000
  0.3678	  0.6165	  0.0000	  0.0000	  0.0000
  0.4921	  0.6165	  0.0000	  0.0000	  0.0000
  0.6165	  0.6165	  0.0000	  0.0000	  0.0000
  0.7408	  0.6165	  0.0000	  0.0000	  0.0000
  0.8651	  0.6165	  0.0000	  0.0000	  0.0000
  0.9894	  0.6165	  0.0000	  0.0000	  0.0000
  1.1138	  0.6165	  0.0000	  0.0000	  0.0000
  1.2381	  0.6165	  0.0000	  0.0000	  0.0000
  1.3624	  0.6165	  0.0000	  0.0000	  0.0000
  1.4867	  0.6165	  0.0000	  0.0000	  0.0000
  1.6111	  0.6165	  0.0000	  0.0000	  0.0000
  1.7354	  0.6165	  0.0000	  0.0000	  0.0000
  1.8597	  0.6165	  0.0000	  0.0000	  0.0000
  1.9840	  0.6165	  0.0000	  0.0000	  0.0000
  2.1084	  0.6165	  0.0000	  0.0000	  0.0000
  2.2327	  0.6165	  0.0000	  0.0000	  0.0000
  0.1191	  0.4921	  0.0000	  0.0000	  0.0000
  0.2435	  0.4921	  0.0000	  0.0000	  0.0000
  0.3678	  0.4921	  0.0000	  0.0000	  0.0000
  0.4921	  0.4921	  0.0000	  0.0000	  0.0000
  0.6165	  0.4921	  0.0000	  0.0000	  0.0000
  0.7408	  0.4921	  0.0000	  0.0000	  0.0000
  0.8651	  0.4921	  0.0000	  0.0000	  0.0000
  0.9894	  0.4921	  0.0000	  0.0000	  0.0000
  1.1138	  0.4921	  0.0000	  0.0000	  0.0000
  1.2381	  0.4921	  0.0000	  0.0000	  0.0000
  1.3624	  0.4921	  0.0000	  0.0000	  0.0000
  1.4867	  0.4921	  0.0000	  0.0000	  0.0000
  1.6111	  0.4921	  0.0000	  0.0000	  0.0000
  1.7354	  0.4921	  0.0000	  0.0000	  0.0000
  1.8597	  0.4921	  0.0000	  0.0000	  0.0000
  1.9840	  0.4921	  0.0000	  0.0000	  0.0000
  2.1084	  0.4921	  0.0000	  0.0000	  0.0000
  2.2327	  0.4921	  0.0000	  0.0000	  0.0000
  0.1191	  0.3678	  0.0000	  0.0000	  0.0000
  0.2435	  0.3678	  0.0000	  0.0000	  0.0000
  0.3678	  0.3678	  0.0000	  0.0000	  0.0000
  0.4921	  0.3678	  0.0000	  0.0000	  0.0000
  0.6165	  0.3678	  0.0000	  0.0000	  0.0000
  0.7408	  0.3678	  0.0000	  0.0000	  0.0000
  0.8651	  0.3678	  0.0000	  0.0000	  0.0000
  0.9894	  0.3678	  0.0000	  0.0000	  0.0000
  1.1138	  0.3678	  0.0000	  0.0000	  0.0000
  1.2381	  0.3678	  0.0000	  0.0000	  0.0000
  1.3624	  0.3678	  0.0000	  0.0000	  0.0000
  1.4867	  0.3678	  0.0000	  0.0000	  0.0000
  1.6111	  0.3678	  0.0000	  0.0000	  0.0000
  1.7354	  0.3678	  0.0000	  0.0000	  0.0000
  1.8597	  0.3678	  0.0000	  0.0000	  0.0000
  1.9840	  0.3678	  0.0000	  0.0000	  0.0000
  2.1084	  0.3678	  0.0000	  0.0000	  0.0000
  2.2327	  0.3678	  0.0000	  0.0000	  0.0000
  0.1191	  0.2435	  0.0000	  0.0000	  0.0000
  0.2435	  0.2435	  0.0000	  0.0000	  0.0000
  0.3678	  0.2435	  0.0000	  0.0000	  0.0000
  0.4921	  0.2435	  0.0000	  0.0000	  0.0000
  0.6165	  0.2435	  0.0000	  0.0000	  0.0000
  0.7408	  0.2435	  0.0000	  0.0000	  0.0000
  0.8651	  0.2435	  0.0000	  0.0000	  0.0000
  0.9894	  0.2435	  0.0000	  0.0000	  0.0000
  1.1138	  0.2435	  0.0000	  0.0000	  0.0000
  1.2381	  0.2435	  0.0000	  0.0000	  0.0000
  1.3624	  0.2435	  0.0000	  0.0000	  0.0000
  1.4867	  0.2435	  0.0000	  0.0000	  0.0000
  1.6111	  0.2435	  0.0000	  0.0000	  0.0000
  1.7354	  0.2435	  0.0000	  0.0000	  0.0000
  1.8597	  0.2435	  0.0000	  0.0000	  0.0000
  1.9840	  0.2435	  0.0000	  0.0000	  0.0000
  2.1084	  0.2435	  0.0000	  0.0000	  0.0000
  2.2327	  0.2435	  0.0000	  0.0000	  0.0000
  0.1191	  0.1191	  0.0000	  0.0000	  0.0000
  0.2435	  0.1191	  0.0000	  0.0000	  0.0000
  0.3678	  0.1191	  0.0000	  0.0000	  0.0000
  0.4921	  0.1191	  0.0000	  0.0000	  0.0000
  0.6165	  0.1191	  0.0000	  0.0000	  0.0000
  0.7408	  0.1191	  0.0000	  0.0000	  0.0000
  0.8651	  0.1191	  0.0000	  0.0000	  0.0000
  0.9894	  0.1191	  0.0000	  0.0000	  0.0000
  1.1138	  0.1191	  0.0000	  0.0000	  0.0000
  1.2381	  0.1191	  0.0000	  0.0000	  0.0000
  1.3624	  0.1191	  0.0000	  0.0000	  0.0000
  1.4867	  0.1191	  0.0000	  0.0000	  0.0000
  1.6111	  0.1191	  0.0000	  0.0000	  0.0000
  1.7354	  0.1191	  0.0000	  0.0000	  0.0000
  1.8597	  0.1191	  0.0000	  0.0000	  0.0000
  1.9840	  0.1191	  0.0000	  0.0000	  0.0000
  2.1084	  0.1191	  0.0000	  0.0000	  0.0000
  2.2327	  0.1191	  0.0000	  0.0000	  0.0000
