  0.1191	  7.9517	 -0.0107	 -0.0260	  0.0000
  0.2435	  7.9517	 -0.0066	  0.0173	  0.0000
  0.3678	  7.9517	  0.0064	  0.0515	  0.0000
  0.4921	  7.9517	  0.0313	  0.1264	  0.0000
  0.6165	  7.9517	  0.0107	  0.2544	  0.0000
  0.7408	  7.9517	  0.0171	  0.2832	  0.0000
  0.8651	  7.9517	  0.0546	  0.3702	  0.0000
  0.9894	  7.9517	  0.0552	  0.4384	  0.0000
  1.1138	  7.9517	  0.0471	  0.3648	  0.0000
  1.2381	  7.9517	  0.0136	  0.4034	  0.0000
  1.3624	  7.9517	  0.0127	  0.4078	  0.0000
  1.4867	  7.9517	  0.0051	  0.3296	  0.0000
  1.6111	  7.9517	  0.0232	  0.1693	  0.0000
  1.7354	  7.9517	 -0.0135	  0.6242	  0.0000
  1.8597	  7.9517	  0.0343	  0.5662	  0.0000
  1.9840	  7.9517	  0.1171	  0.2906	  0.0000
  2.1084	  7.9517	  0.0087	 -0.3711	  0.0000
  2.2327	  7.9517	 -0.0021	 -0.1634	  0.0000
  0.1191	  7.8274	 -0.0048	 -0.0137	  0.0000
  0.2435	  7.8274	  0.0137	  0.0109	  0.0000
  0.3678	  7.8274	  0.0129	  0.0461	  0.0000
  0.4921	  7.8274	  0.0896	  0.2503	  0.0000
  0.6165	  7.8274	  0.0091	  0.4040	  0.0000
  0.7408	  7.8274	 -0.0756	  0.3446	  0.0000
  0.8651	  7.8274	 -0.0280	  0.3638	  0.0000
  0.9894	  7.8274	  0.0252	  0.4280	  0.0000
  1.1138	  7.8274	  0.0400	  0.4236	  0.0000
  1.2381	  7.8274	  0.0330	  0.3926	  0.0000
  1.3624	  7.8274	  0.0281	  0.3720	  0.0000
  1.4867	  7.8274	  0.0182	  0.5469	  0.0000
  1.6111	  7.8274	  0.0627	  0.7044	  0.0000
  1.7354	  7.8274	  0.0242	  0.6288	  0.0000
  1.8597	  7.8274	  0.0267	  0.5338	  0.0000
  1.9840	  7.8274	  0.0318	  0.1486	  0.0000
  2.1084	  7.8274	  0.0074	 -0.4246	  0.0000
  2.2327	  7.8274	 -0.0054	 -0.2373	  0.0000
  0.1191	  7.7031	  0.0313	 -0.0048	  0.0000
  0.2435	  7.7031	 -0.0082	 -0.0044	  0.0000
  0.3678	  7.7031	 -0.0015	  0.0569	  0.0000
  0.4921	  7.7031	  0.0211	  0.2863	  0.0000
  0.6165	  7.7031	  0.0151	  0.3608	  0.0000
  0.7408	  7.7031	 -0.0174	  0.4537	  0.0000
  0.8651	  7.7031	  0.0426	  0.4777	  0.0000
  0.9894	  7.7031	  0.0514	  0.4353	  0.0000
  1.1138	  7.7031	  0.0479	  0.3707	  0.0000
  1.2381	  7.7031	  0.0255	  0.3137	  0.0000
  1.3624	  7.7031	  0.0228	  0.3307	  0.0000
  1.4867	  7.7031	  0.0367	  0.6234	  0.0000
  1.6111	  7.7031	  0.0479	  0.6974	  0.0000
  1.7354	  7.7031	 -0.0673	  0.7239	  0.0000
  1.8597	  7.7031	 -0.0555	  0.6534	  0.0000
  1.9840	  7.7031	  0.0261	  0.2819	  0.0000
  2.1084	  7.7031	  0.0054	 -0.3699	  0.0000
  2.2327	  7.7031	 -0.0001	 -0.1817	  0.0000
  0.1191	  7.5787	  0.1354	 -0.0249	  0.0000
  0.2435	  7.5787	 -0.0111	  0.0016	  0.0000
  0.3678	  7.5787	 -0.0155	  0.0573	  0.0000
  0.4921	  7.5787	  0.0140	  0.2346	  0.0000
  0.6165	  7.5787	  0.0201	  0.3505	  0.0000
  0.7408	  7.5787	  0.0430	  0.5169	  0.0000
  0.8651	  7.5787	  0.0968	  0.4433	  0.0000
  0.9894	  7.5787	  0.0525	  0.3650	  0.0000
  1.1138	  7.5787	  0.0458	  0.3691	  0.0000
  1.2381	  7.5787	  0.0283	  0.3848	  0.0000
  1.3624	  7.5787	  0.0878	  0.4456	  0.0000
  1.4867	  7.5787	  0.0550	  0.6393	  0.0000
  1.6111	  7.5787	 -0.0053	  0.7179	  0.0000
  1.7354	  7.5787	 -0.0776	  0.6664	  0.0000
  1.8597	  7.5787	 -0.0695	  0.5948	  0.0000
  1.9840	  7.5787	  0.0140	  0.2206	  0.0000
  2.1084	  7.5787	  0.0046	 -0.2155	  0.0000
  2.2327	  7.5787	  0.0085	 -0.1001	  1.0000
  0.1191	  7.4544	  0.0079	 -0.0085	  0.0000
  0.2435	  7.4544	 -0.0011	 -0.0026	  0.0000
  0.3678	  7.4544	  0.0002	  0.0220	  0.0000
  0.4921	  7.4544	 -0.0298	  0.1331	  0.0000
  0.6165	  7.4544	  0.0277	  0.3039	  0.0000
  0.7408	  7.4544	  0.0658	  0.3080	  0.0000
  0.8651	  7.4544	  0.0749	  0.4298	  0.0000
  0.9894	  7.4544	  0.0394	  0.4239	  0.0000
  1.1138	  7.4544	  0.0124	  0.3127	  0.0000
  1.2381	  7.4544	  0.0425	  0.3556	  0.0000
  1.3624	  7.4544	  0.1223	  0.4517	  0.0000
  1.4867	  7.4544	  0.0503	  0.6265	  0.0000
  1.6111	  7.4544	 -0.0018	  0.7519	  0.0000
  1.7354	  7.4544	 -0.1001	  0.7807	  0.0000
  1.8597	  7.4544	 -0.0233	  0.6381	  0.0000
  1.9840	  7.4544	  0.0237	  0.0865	  0.0000
  2.1084	  7.4544	 -0.0110	 -0.3347	  0.0000
  2.2327	  7.4544	  0.0047	 -0.1025	  1.0000
  0.1191	  7.3301	 -0.0101	  0.0554	  0.0000
  0.2435	  7.3301	  0.0029	  0.0068	  0.0000
  0.3678	  7.3301	 -0.0100	  0.0066	  0.0000
  0.4921	  7.3301	 -0.0357	  0.0767	  0.0000
  0.6165	  7.3301	 -0.0200	  0.2276	  0.0000
  0.7408	  7.3301	 -0.0254	  0.2548	  0.0000
  0.8651	  7.3301	  0.0325	  0.3160	  0.0000
  0.9894	  7.3301	 -0.0024	  0.2438	  0.0000
  1.1138	  7.3301	 -0.0318	  0.2077	  0.0000
  1.2381	  7.3301	 -0.0008	  0.2897	  0.0000
  1.3624	  7.3301	  0.0052	  0.2465	  0.0000
  1.4867	  7.3301	  0.0172	  0.1824	  0.0000
  1.6111	  7.3301	  0.0137	  0.2268	  0.0000
  1.7354	  7.3301	  0.0070	  0.7004	  0.0000
  1.8597	  7.3301	  0.0068	  0.6094	  0.0000
  1.9840	  7.3301	  0.0165	  0.1761	  0.0000
  2.1084	  7.3301	 -0.0006	 -0.3252	  0.0000
  2.2327	  7.3301	  0.0020	 -0.1238	  1.0000
  0.1191	  7.2058	  0.0188	  0.0196	  0.0000
  0.2435	  7.2058	  0.0164	  0.0102	  0.0000
  0.3678	  7.2058	  0.0079	  0.0607	  0.0000
  0.4921	  7.2058	  0.0013	  0.1383	  0.0000
  0.6165	  7.2058	  0.0150	  0.2608	  0.0000
  0.7408	  7.2058	  0.0196	  0.3441	  0.0000
  0.8651	  7.2058	  0.0135	  0.4855	  0.0000
  0.9894	  7.2058	 -0.0068	  0.3807	  0.0000
  1.1138	  7.2058	 -0.0063	  0.2407	  0.0000
  1.2381	  7.2058	 -0.0316	  0.3111	  0.0000
  1.3624	  7.2058	 -0.0020	  0.2757	  0.0000
  1.4867	  7.2058	  0.0295	  0.1683	  0.0000
  1.6111	  7.2058	 -0.0099	  0.1942	  0.0000
  1.7354	  7.2058	 -0.0147	  0.5133	  0.0000
  1.8597	  7.2058	 -0.0248	  0.4486	  0.0000
  1.9840	  7.2058	 -0.0059	  0.0068	  0.0000
  2.1084	  7.2058	 -0.0183	 -0.3176	  0.0000
  2.2327	  7.2058	  0.0013	 -0.2391	  0.0000
  0.1191	  7.0814	  0.0047	  0.0035	  0.0000
  0.2435	  7.0814	  0.0166	 -0.0053	  0.0000
  0.3678	  7.0814	  0.0233	  0.1023	  0.0000
  0.4921	  7.0814	  0.0064	  0.2088	  0.0000
  0.6165	  7.0814	  0.0094	  0.3219	  0.0000
  0.7408	  7.0814	  0.0223	  0.3872	  0.0000
  0.8651	  7.0814	  0.0550	  0.5310	  0.0000
  0.9894	  7.0814	  0.0080	  0.4050	  0.0000
  1.1138	  7.0814	  0.0056	  0.2321	  0.0000
  1.2381	  7.0814	 -0.0100	  0.2451	  0.0000
  1.3624	  7.0814	  0.0286	  0.2832	  0.0000
  1.4867	  7.0814	  0.0416	  0.5396	  0.0000
  1.6111	  7.0814	  0.0375	  0.5913	  0.0000
  1.7354	  7.0814	 -0.0304	  0.5840	  0.0000
  1.8597	  7.0814	 -0.0307	  0.4749	  0.0000
  1.9840	  7.0814	 -0.0059	 -0.1016	  0.0000
  2.1084	  7.0814	 -0.0020	 -0.2907	  0.0000
  2.2327	  7.0814	 -0.0011	 -0.1963	  0.0000
  0.1191	  6.9571	  0.0375	 -0.0194	  0.0000
  0.2435	  6.9571	  0.0183	 -0.0079	  0.0000
  0.3678	  6.9571	  0.0209	  0.0480	  0.0000
  0.4921	  6.9571	 -0.0108	  0.2217	  0.0000
  0.6165	  6.9571	 -0.0419	  0.2571	  0.0000
  0.7408	  6.9571	 -0.0293	  0.1856	  0.0000
  0.8651	  6.9571	  0.1024	  0.2908	  0.0000
  0.9894	  6.9571	  0.0118	  0.1845	  0.0000
  1.1138	  6.9571	  0.0059	  0.1990	  0.0000
  1.2381	  6.9571	 -0.0035	  0.2314	  0.0000
  1.3624	  6.9571	  0.0043	  0.2472	  0.0000
  1.4867	  6.9571	  0.0473	  0.5533	  0.0000
  1.6111	  6.9571	  0.0591	  0.5256	  0.0000
  1.7354	  6.9571	 -0.0304	  0.5148	  0.0000
  1.8597	  6.9571	 -0.0489	  0.5530	  0.0000
  1.9840	  6.9571	  0.0209	 -0.0310	  0.0000
  2.1084	  6.9571	  0.0260	 -0.3666	  0.0000
  2.2327	  6.9571	  0.0333	 -0.3766	  0.0000
  0.1191	  6.8328	  0.0531	 -0.0431	  0.0000
  0.2435	  6.8328	  0.0079	  0.0068	  0.0000
  0.3678	  6.8328	  0.0083	  0.0189	  0.0000
  0.4921	  6.8328	 -0.0060	  0.1318	  0.0000
  0.6165	  6.8328	 -0.0085	  0.2019	  0.0000
  0.7408	  6.8328	 -0.0068	  0.1601	  0.0000
  0.8651	  6.8328	 -0.0033	  0.1719	  0.0000
  0.9894	  6.8328	  0.0080	  0.1585	  0.0000
  1.1138	  6.8328	  0.0221	  0.1363	  0.0000
  1.2381	  6.8328	  0.0376	  0.2162	  0.0000
  1.3624	  6.8328	  0.0532	  0.2747	  0.0000
  1.4867	  6.8328	  0.0133	  0.3439	  1.0000
  1.6111	  6.8328	  0.0073	  0.3885	  1.0000
  1.7354	  6.8328	 -0.0009	  0.5398	  0.0000
  1.8597	  6.8328	 -0.0391	  0.6118	  0.0000
  1.9840	  6.8328	 -0.0008	  0.1323	  1.0000
  2.1084	  6.8328	  0.0009	  0.0519	  1.0000
  2.2327	  6.8328	  0.0075	 -0.0740	  1.0000
  0.1191	  6.7085	  0.0141	 -0.0110	  0.0000
  0.2435	  6.7085	 -0.0031	  0.0143	  0.0000
  0.3678	  6.7085	 -0.0071	  0.0288	  0.0000
  0.4921	  6.7085	  0.0072	  0.0872	  0.0000
  0.6165	  6.7085	  0.0249	  0.1370	  0.0000
  0.7408	  6.7085	  0.0097	  0.1624	  0.0000
  0.8651	  6.7085	  0.0238	  0.1884	  0.0000
  0.9894	  6.7085	  0.0199	  0.2000	  0.0000
  1.1138	  6.7085	  0.0105	  0.1206	  0.0000
  1.2381	  6.7085	  0.0193	  0.1742	  0.0000
  1.3624	  6.7085	  0.0078	  0.2360	  0.0000
  1.4867	  6.7085	  0.0017	  0.2578	  0.0000
  1.6111	  6.7085	 -0.0014	  0.3069	  0.0000
  1.7354	  6.7085	  0.0100	  0.3283	  1.0000
  1.8597	  6.7085	  0.0086	  0.2605	  1.0000
  1.9840	  6.7085	  0.0064	  0.1529	  1.0000
  2.1084	  6.7085	  0.0071	  0.0928	  1.0000
  2.2327	  6.7085	 -0.0205	 -0.4217	  0.0000
  0.1191	  6.5841	  0.0577	 -0.0122	  0.0000
  0.2435	  6.5841	  0.0033	  0.0132	  0.0000
  0.3678	  6.5841	 -0.0117	  0.0341	  0.0000
  0.4921	  6.5841	 -0.0147	  0.0804	  0.0000
  0.6165	  6.5841	 -0.0181	  0.1396	  0.0000
  0.7408	  6.5841	 -0.0158	  0.2032	  0.0000
  0.8651	  6.5841	  0.0293	  0.2338	  0.0000
  0.9894	  6.5841	  0.0773	  0.3080	  0.0000
  1.1138	  6.5841	  0.0071	  0.2097	  0.0000
  1.2381	  6.5841	  0.0117	  0.1663	  0.0000
  1.3624	  6.5841	  0.0108	  0.1708	  0.0000
  1.4867	  6.5841	 -0.0159	  0.2511	  0.0000
  1.6111	  6.5841	  0.0185	  0.3254	  1.0000
  1.7354	  6.5841	  0.0158	  0.3024	  1.0000
  1.8597	  6.5841	  0.0141	  0.2480	  1.0000
  1.9840	  6.5841	  0.0167	  0.1962	  0.0000
  2.1084	  6.5841	  0.0114	  0.1126	  1.0000
  2.2327	  6.5841	  0.0133	  0.0105	  1.0000
  0.1191	  6.4598	  0.0651	 -0.0132	  0.0000
  0.2435	  6.4598	  0.0135	  0.0138	  0.0000
  0.3678	  6.4598	 -0.0118	  0.0218	  0.0000
  0.4921	  6.4598	 -0.0297	  0.0694	  0.0000
  0.6165	  6.4598	 -0.0238	  0.1253	  0.0000
  0.7408	  6.4598	 -0.0062	  0.1938	  0.0000
  0.8651	  6.4598	  0.0304	  0.2311	  0.0000
  0.9894	  6.4598	  0.0297	  0.2290	  0.0000
  1.1138	  6.4598	  0.0308	  0.1887	  0.0000
  1.2381	  6.4598	  0.0127	  0.1681	  0.0000
  1.3624	  6.4598	  0.0348	  0.2044	  0.0000
  1.4867	  6.4598	  0.0531	  0.2925	  0.0000
  1.6111	  6.4598	  0.0240	  0.3043	  1.0000
  1.7354	  6.4598	  0.0249	  0.2800	  1.0000
  1.8597	  6.4598	  0.0192	  0.5267	  0.0000
  1.9840	  6.4598	  0.0256	  0.0424	  0.0000
  2.1084	  6.4598	  0.0197	  0.1134	  1.0000
  2.2327	  6.4598	  0.0202	  0.0221	  1.0000
  0.1191	  6.3355	  0.0318	 -0.0141	  0.0000
  0.2435	  6.3355	  0.0074	  0.0022	  0.0000
  0.3678	  6.3355	 -0.0124	  0.1142	  0.0000
  0.4921	  6.3355	  0.0007	  0.2116	  0.0000
  0.6165	  6.3355	  0.0286	  0.1720	  0.0000
  0.7408	  6.3355	  0.0148	  0.1801	  0.0000
  0.8651	  6.3355	  0.0046	  0.2568	  0.0000
  0.9894	  6.3355	 -0.0124	  0.2200	  0.0000
  1.1138	  6.3355	  0.0063	  0.1378	  0.0000
  1.2381	  6.3355	  0.0191	  0.1707	  0.0000
  1.3624	  6.3355	  0.0436	  0.2203	  0.0000
  1.4867	  6.3355	  0.0570	  0.2512	  0.0000
  1.6111	  6.3355	  0.0413	  0.3318	  0.0000
  1.7354	  6.3355	  0.0349	  0.4315	  0.0000
  1.8597	  6.3355	  0.0256	  0.4471	  0.0000
  1.9840	  6.3355	  0.0348	  0.0078	  0.0000
  2.1084	  6.3355	  0.0289	 -0.3360	  0.0000
  2.2327	  6.3355	  0.0280	  0.0547	  1.0000
  0.1191	  6.2111	 -0.0080	 -0.0228	  0.0000
  0.2435	  6.2111	 -0.0048	 -0.0013	  0.0000
  0.3678	  6.2111	 -0.0225	  0.1409	  0.0000
  0.4921	  6.2111	  0.0115	  0.2524	  0.0000
  0.6165	  6.2111	  0.0433	  0.2424	  0.0000
  0.7408	  6.2111	 -0.0055	  0.2032	  0.0000
  0.8651	  6.2111	 -0.0276	  0.2527	  0.0000
  0.9894	  6.2111	  0.0001	  0.1530	  0.0000
  1.1138	  6.2111	  0.0176	  0.1135	  0.0000
  1.2381	  6.2111	  0.0083	  0.1559	  0.0000
  1.3624	  6.2111	  0.0153	  0.1993	  0.0000
  1.4867	  6.2111	  0.0161	  0.2271	  0.0000
  1.6111	  6.2111	  0.0743	  0.3274	  0.0000
  1.7354	  6.2111	  0.0428	  0.4235	  0.0000
  1.8597	  6.2111	  0.0228	  0.4544	  0.0000
  1.9840	  6.2111	  0.0518	  0.0232	  0.0000
  2.1084	  6.2111	  0.0294	  0.1778	  1.0000
  2.2327	  6.2111	  0.0315	  0.0832	  1.0000
  0.1191	  6.0868	 -0.0135	 -0.0299	  0.0000
  0.2435	  6.0868	 -0.0059	  0.0036	  0.0000
  0.3678	  6.0868	 -0.0186	  0.0414	  0.0000
  0.4921	  6.0868	  0.0163	  0.1363	  0.0000
  0.6165	  6.0868	  0.0395	  0.2188	  0.0000
  0.7408	  6.0868	 -0.0264	  0.2432	  0.0000
  0.8651	  6.0868	 -0.0257	  0.2321	  0.0000
  0.9894	  6.0868	  0.0050	  0.0828	  0.0000
  1.1138	  6.0868	  0.0358	  0.1041	  0.0000
  1.2381	  6.0868	  0.0297	  0.1679	  1.0000
  1.3624	  6.0868	  0.0304	  0.2048	  0.0000
  1.4867	  6.0868	  0.1223	  0.2649	  0.0000
  1.6111	  6.0868	  0.0612	  0.3265	  0.0000
  1.7354	  6.0868	  0.0287	  0.4003	  0.0000
  1.8597	  6.0868	  0.0312	  0.4395	  0.0000
  1.9840	  6.0868	  0.0470	 -0.0190	  0.0000
  2.1084	  6.0868	  0.0299	  0.2046	  1.0000
  2.2327	  6.0868	  0.0338	  0.1269	  1.0000
  0.1191	  5.9625	 -0.0478	 -0.0369	  0.0000
  0.2435	  5.9625	 -0.0192	  0.0092	  0.0000
  0.3678	  5.9625	  0.0051	  0.0909	  1.0000
  0.4921	  5.9625	  0.0107	  0.1371	  1.0000
  0.6165	  5.9625	  0.0097	  0.3681	  0.0000
  0.7408	  5.9625	  0.0305	  0.2396	  0.0000
  0.8651	  5.9625	 -0.0171	  0.1956	  0.0000
  0.9894	  5.9625	  0.0078	  0.1199	  0.0000
  1.1138	  5.9625	  0.0330	  0.1286	  0.0000
  1.2381	  5.9625	  0.0267	  0.1502	  1.0000
  1.3624	  5.9625	  0.0303	  0.1811	  0.0000
  1.4867	  5.9625	  0.1351	  0.2645	  0.0000
  1.6111	  5.9625	  0.1001	  0.2858	  0.0000
  1.7354	  5.9625	  0.0179	  0.2936	  0.0000
  1.8597	  5.9625	  0.0175	  0.4393	  0.0000
  1.9840	  5.9625	  0.0312	  0.2784	  1.0000
  2.1084	  5.9625	  0.0301	  0.2589	  1.0000
  2.2327	  5.9625	  0.0331	  0.2087	  1.0000
  0.1191	  5.8382	 -0.0061	  0.0021	  0.0000
  0.2435	  5.8382	  0.0051	  0.0017	  0.0000
  0.3678	  5.8382	  0.0030	  0.0910	  1.0000
  0.4921	  5.8382	  0.0095	  0.1354	  1.0000
  0.6165	  5.8382	  0.0371	  0.2315	  0.0000
  0.7408	  5.8382	  0.0581	  0.1936	  0.0000
  0.8651	  5.8382	 -0.1080	  0.2618	  0.0000
  0.9894	  5.8382	  0.0382	  0.2168	  0.0000
  1.1138	  5.8382	  0.0215	  0.0708	  0.0000
  1.2381	  5.8382	  0.0190	  0.0816	  0.0000
  1.3624	  5.8382	  0.0020	  0.1193	  0.0000
  1.4867	  5.8382	  0.0354	  0.1913	  0.0000
  1.6111	  5.8382	  0.1070	  0.2793	  0.0000
  1.7354	  5.8382	  0.0468	  0.3744	  0.0000
  1.8597	  5.8382	 -0.0071	  0.4075	  0.0000
  1.9840	  5.8382	  0.0337	  0.2937	  1.0000
  2.1084	  5.8382	  0.0331	  0.2849	  1.0000
  2.2327	  5.8382	  0.0353	  0.2527	  1.0000
  0.1191	  5.7138	  0.0082	  0.0161	  0.0000
  0.2435	  5.7138	  0.0135	 -0.0077	  0.0000
  0.3678	  5.7138	  0.0130	  0.0117	  0.0000
  0.4921	  5.7138	  0.0242	  0.0896	  0.0000
  0.6165	  5.7138	  0.0242	  0.1518	  0.0000
  0.7408	  5.7138	  0.0155	  0.2017	  0.0000
  0.8651	  5.7138	  0.0413	  0.2589	  0.0000
  0.9894	  5.7138	  0.0123	  0.2156	  0.0000
  1.1138	  5.7138	  0.0251	  0.0518	  0.0000
  1.2381	  5.7138	  0.0092	  0.0583	  0.0000
  1.3624	  5.7138	 -0.0018	  0.0953	  0.0000
  1.4867	  5.7138	 -0.0070	  0.1357	  0.0000
  1.6111	  5.7138	  0.1013	  0.3273	  0.0000
  1.7354	  5.7138	  0.0421	  0.2885	  1.0000
  1.8597	  5.7138	  0.0418	  0.3075	  1.0000
  1.9840	  5.7138	  0.0029	  0.3470	  0.0000
  2.1084	  5.7138	  0.0379	  0.3102	  1.0000
  2.2327	  5.7138	  0.0399	  0.2948	  1.0000
  0.1191	  5.5895	  0.0042	  0.0167	  0.0000
  0.2435	  5.5895	 -0.0029	 -0.0333	  0.0000
  0.3678	  5.5895	 -0.0093	  0.0228	  0.0000
  0.4921	  5.5895	 -0.0036	  0.2374	  0.0000
  0.6165	  5.5895	 -0.0208	  0.3704	  0.0000
  0.7408	  5.5895	  0.0297	  0.1999	  0.0000
  0.8651	  5.5895	 -0.0049	  0.2009	  0.0000
  0.9894	  5.5895	 -0.0042	  0.1778	  1.0000
  1.1138	  5.5895	  0.0423	  0.0289	  0.0000
  1.2381	  5.5895	  0.0408	  0.0558	  0.0000
  1.3624	  5.5895	  0.0207	  0.1561	  1.0000
  1.4867	  5.5895	  0.0281	  0.2024	  1.0000
  1.6111	  5.5895	 -0.0088	  0.2194	  0.0000
  1.7354	  5.5895	  0.0427	  0.2887	  1.0000
  1.8597	  5.5895	  0.0498	  0.3125	  1.0000
  1.9840	  5.5895	  0.0494	  0.3173	  1.0000
  2.1084	  5.5895	  0.0494	  0.3180	  1.0000
  2.2327	  5.5895	  0.0474	  0.3068	  1.0000
  0.1191	  5.4652	  0.0133	  0.0033	  0.0000
  0.2435	  5.4652	  0.0032	 -0.0161	  0.0000
  0.3678	  5.4652	 -0.0039	  0.0586	  0.0000
  0.4921	  5.4652	  0.0173	  0.2718	  0.0000
  0.6165	  5.4652	 -0.0538	  0.4994	  0.0000
  0.7408	  5.4652	 -0.0789	  0.3122	  0.0000
  0.8651	  5.4652	 -0.0094	  0.2486	  0.0000
  0.9894	  5.4652	 -0.0233	  0.1985	  1.0000
  1.1138	  5.4652	  0.0156	  0.0980	  0.0000
  1.2381	  5.4652	  0.0376	  0.1021	  0.0000
  1.3624	  5.4652	  0.0460	  0.1825	  0.0000
  1.4867	  5.4652	  0.0280	  0.2261	  1.0000
  1.6111	  5.4652	 -0.0058	  0.1989	  0.0000
  1.7354	  5.4652	  0.0513	  0.2977	  1.0000
  1.8597	  5.4652	  0.0583	  0.3150	  1.0000
  1.9840	  5.4652	  0.0608	  0.3168	  1.0000
  2.1084	  5.4652	  0.0627	  0.3197	  1.0000
  2.2327	  5.4652	  0.0540	  0.3051	  1.0000
  0.1191	  5.3409	  0.0162	  0.0155	  0.0000
  0.2435	  5.3409	  0.0061	  0.0178	  0.0000
  0.3678	  5.3409	  0.0035	  0.0870	  0.0000
  0.4921	  5.3409	 -0.0024	  0.1781	  0.0000
  0.6165	  5.3409	 -0.0179	  0.1882	  0.0000
  0.7408	  5.3409	 -0.0497	  0.2570	  0.0000
  0.8651	  5.3409	 -0.1210	  0.3788	  0.0000
  0.9894	  5.3409	 -0.0351	  0.2276	  0.0000
  1.1138	  5.3409	 -0.0427	  0.1662	  0.0000
  1.2381	  5.3409	 -0.0344	  0.1819	  0.0000
  1.3624	  5.3409	 -0.0088	  0.1668	  0.0000
  1.4867	  5.3409	 -0.0047	  0.1983	  0.0000
  1.6111	  5.3409	  0.0527	  0.3089	  1.0000
  1.7354	  5.3409	  0.0627	  0.3212	  1.0000
  1.8597	  5.3409	  0.1343	  0.4151	  0.0000
  1.9840	  5.3409	  0.0707	  0.3210	  1.0000
  2.1084	  5.3409	  0.0729	  0.3131	  1.0000
  2.2327	  5.3409	  0.0607	  0.2904	  1.0000
  0.1191	  5.2165	  0.0217	  0.0292	  0.0000
  0.2435	  5.2165	 -0.0065	 -0.0037	  0.0000
  0.3678	  5.2165	 -0.0005	  0.0346	  0.0000
  0.4921	  5.2165	  0.0131	  0.0621	  0.0000
  0.6165	  5.2165	  0.0194	  0.0744	  0.0000
  0.7408	  5.2165	 -0.0481	  0.1580	  0.0000
  0.8651	  5.2165	 -0.1919	  0.3224	  0.0000
  0.9894	  5.2165	 -0.1486	  0.3151	  0.0000
  1.1138	  5.2165	 -0.0579	  0.2256	  0.0000
  1.2381	  5.2165	 -0.0015	  0.3216	  0.0000
  1.3624	  5.2165	  0.0106	  0.3096	  0.0000
  1.4867	  5.2165	  0.0761	  0.3454	  0.0000
  1.6111	  5.2165	  0.0558	  0.3312	  1.0000
  1.7354	  5.2165	  0.0658	  0.3300	  1.0000
  1.8597	  5.2165	  0.1600	  0.4647	  0.0000
  1.9840	  5.2165	  0.0715	  0.3003	  1.0000
  2.1084	  5.2165	  0.0711	  0.2748	  1.0000
  2.2327	  5.2165	  0.0557	  0.2313	  1.0000
  0.1191	  5.0922	 -0.0361	  0.0024	  0.0000
  0.2435	  5.0922	 -0.0060	 -0.0144	  0.0000
  0.3678	  5.0922	 -0.0067	  0.0019	  0.0000
  0.4921	  5.0922	  0.0166	  0.0548	  0.0000
  0.6165	  5.0922	  0.0041	  0.1366	  0.0000
  0.7408	  5.0922	 -0.0260	  0.1904	  0.0000
  0.8651	  5.0922	 -0.0102	  0.2391	  0.0000
  0.9894	  5.0922	  0.0466	  0.1527	  0.0000
  1.1138	  5.0922	  0.0165	  0.2500	  0.0000
  1.2381	  5.0922	  0.0038	  0.5147	  0.0000
  1.3624	  5.0922	  0.0052	  0.4267	  0.0000
  1.4867	  5.0922	  0.0676	  0.3252	  0.0000
  1.6111	  5.0922	  0.0982	  0.4557	  0.0000
  1.7354	  5.0922	  0.0874	  0.5227	  0.0000
  1.8597	  5.0922	  0.1439	  0.3987	  0.0000
  1.9840	  5.0922	  0.0675	  0.2906	  1.0000
  2.1084	  5.0922	  0.0652	  0.2509	  1.0000
  2.2327	  5.0922	  0.0471	  0.1895	  1.0000
  0.1191	  4.9679	 -0.0188	  0.0019	  0.0000
  0.2435	  4.9679	  0.0009	 -0.0069	  0.0000
  0.3678	  4.9679	  0.0090	  0.0546	  0.0000
  0.4921	  4.9679	  0.0125	  0.1198	  0.0000
  0.6165	  4.9679	 -0.0140	  0.1985	  0.0000
  0.7408	  4.9679	 -0.0018	  0.4185	  0.0000
  0.8651	  4.9679	 -0.0454	  0.3499	  0.0000
  0.9894	  4.9679	  0.0208	  0.1671	  0.0000
  1.1138	  4.9679	 -0.0098	  0.5213	  0.0000
  1.2381	  4.9679	 -0.0044	  0.3316	  1.0000
  1.3624	  4.9679	  0.0065	  0.3471	  1.0000
  1.4867	  4.9679	  0.0215	  0.2044	  0.0000
  1.6111	  4.9679	 -0.0060	  0.2132	  0.0000
  1.7354	  4.9679	  0.0974	  0.5399	  0.0000
  1.8597	  4.9679	  0.0897	  0.4326	  0.0000
  1.9840	  4.9679	  0.0383	  0.1726	  0.0000
  2.1084	  4.9679	  0.0271	 -0.0361	  0.0000
  2.2327	  4.9679	  0.0046	 -0.0785	  0.0000
  0.1191	  4.8436	  0.0176	  0.0279	  0.0000
  0.2435	  4.8436	 -0.0047	  0.0005	  0.0000
  0.3678	  4.8436	  0.0103	  0.0602	  0.0000
  0.4921	  4.8436	  0.0060	  0.1434	  0.0000
  0.6165	  4.8436	 -0.0251	  0.2399	  0.0000
  0.7408	  4.8436	  0.0298	  0.4718	  0.0000
  0.8651	  4.8436	 -0.0087	  0.5979	  0.0000
  0.9894	  4.8436	 -0.0597	  0.1245	  0.0000
  1.1138	  4.8436	 -0.0160	  0.5098	  0.0000
  1.2381	  4.8436	  0.0041	  0.4132	  1.0000
  1.3624	  4.8436	  0.0064	  0.4122	  1.0000
  1.4867	  4.8436	  0.0406	  0.3232	  0.0000
  1.6111	  4.8436	 -0.0191	  0.2156	  0.0000
  1.7354	  4.8436	  0.0699	  0.5324	  0.0000
  1.8597	  4.8436	  0.0695	  0.4637	  0.0000
  1.9840	  4.8436	  0.0138	  0.2065	  0.0000
  2.1084	  4.8436	  0.0284	  0.1331	  0.0000
  2.2327	  4.8436	  0.0082	 -0.0223	  0.0000
  0.1191	  4.7192	  0.0145	  0.0154	  0.0000
  0.2435	  4.7192	 -0.0080	  0.0083	  0.0000
  0.3678	  4.7192	  0.0104	  0.0123	  0.0000
  0.4921	  4.7192	  0.0109	  0.0544	  0.0000
  0.6165	  4.7192	 -0.0406	  0.1834	  0.0000
  0.7408	  4.7192	 -0.0050	  0.8779	  0.0000
  0.8651	  4.7192	 -0.0164	  0.8827	  0.0000
  0.9894	  4.7192	 -0.0156	  0.5413	  0.0000
  1.1138	  4.7192	 -0.0152	  0.2399	  0.0000
  1.2381	  4.7192	  0.0004	  0.2453	  0.0000
  1.3624	  4.7192	 -0.0507	  0.2442	  0.0000
  1.4867	  4.7192	 -0.0572	  0.4779	  0.0000
  1.6111	  4.7192	 -0.0123	  0.4736	  0.0000
  1.7354	  4.7192	 -0.0244	  0.5663	  0.0000
  1.8597	  4.7192	 -0.0071	  0.5085	  0.0000
  1.9840	  4.7192	  0.0215	  0.2013	  0.0000
  2.1084	  4.7192	  0.0166	  0.2337	  1.0000
  2.2327	  4.7192	  0.0116	  0.1678	  1.0000
  0.1191	  4.5949	  0.0117	  0.0012	  0.0000
  0.2435	  4.5949	 -0.0010	  0.0086	  0.0000
  0.3678	  4.5949	  0.0131	  0.0142	  0.0000
  0.4921	  4.5949	  0.0332	  0.0831	  0.0000
  0.6165	  4.5949	 -0.0838	  0.3739	  0.0000
  0.7408	  4.5949	 -0.0910	  0.4576	  0.0000
  0.8651	  4.5949	 -0.0133	  0.6937	  0.0000
  0.9894	  4.5949	  0.0110	  0.8666	  0.0000
  1.1138	  4.5949	  0.0358	  0.8887	  0.0000
  1.2381	  4.5949	 -0.0268	  0.2989	  0.0000
  1.3624	  4.5949	  0.0969	  0.8208	  0.0000
  1.4867	  4.5949	 -0.0262	  0.6823	  0.0000
  1.6111	  4.5949	 -0.0005	  0.4689	  0.0000
  1.7354	  4.5949	  0.0170	  0.4542	  1.0000
  1.8597	  4.5949	  0.0060	  0.3768	  1.0000
  1.9840	  4.5949	  0.0022	  0.3261	  0.0000
  2.1084	  4.5949	  0.0075	  0.2501	  1.0000
  2.2327	  4.5949	  0.0074	  0.1881	  1.0000
  0.1191	  4.4706	  0.0229	 -0.0174	  0.0000
  0.2435	  4.4706	  0.0077	 -0.0156	  0.0000
  0.3678	  4.4706	  0.0015	 -0.0001	  0.0000
  0.4921	  4.4706	  0.0231	  0.1273	  0.0000
  0.6165	  4.4706	 -0.0576	  0.3835	  0.0000
  0.7408	  4.4706	 -0.0815	  0.4075	  0.0000
  0.8651	  4.4706	 -0.0080	  0.7123	  0.0000
  0.9894	  4.4706	  0.0027	  0.8935	  0.0000
  1.1138	  4.4706	  0.0810	  1.0132	  0.0000
  1.2381	  4.4706	  0.1062	  1.0746	  0.0000
  1.3624	  4.4706	  0.1099	  0.9521	  0.0000
  1.4867	  4.4706	  0.2429	  0.6984	  0.0000
  1.6111	  4.4706	  0.0642	  0.5200	  0.0000
  1.7354	  4.4706	  0.0121	  0.4693	  1.0000
  1.8597	  4.4706	  0.0000	  0.3760	  1.0000
  1.9840	  4.4706	 -0.0145	  0.3323	  0.0000
  2.1084	  4.4706	 -0.0003	  0.2495	  1.0000
  2.2327	  4.4706	  0.0013	  0.1923	  1.0000
  0.1191	  4.3462	  0.0125	 -0.0029	  0.0000
  0.2435	  4.3462	  0.0134	 -0.0077	  0.0000
  0.3678	  4.3462	 -0.0012	  0.0052	  0.0000
  0.4921	  4.3462	  0.0229	  0.1270	  0.0000
  0.6165	  4.3462	  0.0533	  0.2471	  0.0000
  0.7408	  4.3462	  0.0296	  0.2314	  0.0000
  0.8651	  4.3462	  0.0087	  0.8132	  0.0000
  0.9894	  4.3462	 -0.0045	  0.8086	  0.0000
  1.1138	  4.3462	  0.0706	  0.9685	  0.0000
  1.2381	  4.3462	  0.0990	  1.0631	  0.0000
  1.3624	  4.3462	  0.0598	  0.8887	  0.0000
  1.4867	  4.3462	  0.1190	  0.6959	  0.0000
  1.6111	  4.3462	  0.0395	  0.5973	  0.0000
  1.7354	  4.3462	 -0.0875	  0.5354	  0.0000
  1.8597	  4.3462	 -0.0305	  0.4550	  0.0000
  1.9840	  4.3462	 -0.0140	  0.3983	  0.0000
  2.1084	  4.3462	 -0.0081	  0.0764	  0.0000
  2.2327	  4.3462	  0.0298	 -0.1116	  0.0000
  0.1191	  4.2219	 -0.0336	  0.0153	  0.0000
  0.2435	  4.2219	  0.0041	 -0.0030	  0.0000
  0.3678	  4.2219	  0.0009	 -0.0000	  0.0000
  0.4921	  4.2219	  0.0201	  0.1098	  0.0000
  0.6165	  4.2219	  0.0541	  0.2337	  0.0000
  0.7408	  4.2219	  0.0249	  0.1548	  0.0000
  0.8651	  4.2219	  0.0250	  0.1620	  0.0000
  0.9894	  4.2219	 -0.0128	  0.8588	  0.0000
  1.1138	  4.2219	  0.0355	  0.9391	  0.0000
  1.2381	  4.2219	  0.0674	  0.9592	  0.0000
  1.3624	  4.2219	  0.0636	  0.6559	  0.0000
  1.4867	  4.2219	  0.0167	  0.6922	  0.0000
  1.6111	  4.2219	  0.0244	  0.4861	  0.0000
  1.7354	  4.2219	  0.0029	  0.2118	  0.0000
  1.8597	  4.2219	  0.0073	  0.3890	  0.0000
  1.9840	  4.2219	  0.0011	  0.3399	  0.0000
  2.1084	  4.2219	 -0.0226	  0.1040	  0.0000
  2.2327	  4.2219	 -0.0207	 -0.0633	  0.0000
  0.1191	  4.0976	 -0.0187	  0.0074	  0.0000
  0.2435	  4.0976	 -0.0008	 -0.0039	  0.0000
  0.3678	  4.0976	 -0.0132	 -0.0227	  0.0000
  0.4921	  4.0976	 -0.0131	  0.0244	  0.0000
  0.6165	  4.0976	  0.0063	  0.1551	  0.0000
  0.7408	  4.0976	  0.0051	  0.1240	  0.0000
  0.8651	  4.0976	  0.0198	  0.1154	  0.0000
  0.9894	  4.0976	 -0.0018	  0.9595	  0.0000
  1.1138	  4.0976	  0.0381	  1.0368	  0.0000
  1.2381	  4.0976	  0.0393	  0.9632	  0.0000
  1.3624	  4.0976	  0.0455	  0.2031	  0.0000
  1.4867	  4.0976	 -0.0197	  0.1868	  0.0000
  1.6111	  4.0976	 -0.0814	  0.5108	  0.0000
  1.7354	  4.0976	 -0.0225	  0.3588	  0.0000
  1.8597	  4.0976	  0.0062	  0.3315	  0.0000
  1.9840	  4.0976	  0.0141	  0.3131	  0.0000
  2.1084	  4.0976	 -0.0216	  0.0661	  0.0000
  2.2327	  4.0976	 -0.0115	 -0.1338	  0.0000
  0.1191	  3.9733	 -0.0104	  0.0102	  0.0000
  0.2435	  3.9733	 -0.0027	 -0.0008	  0.0000
  0.3678	  3.9733	 -0.0167	 -0.0249	  0.0000
  0.4921	  3.9733	 -0.0029	  0.0383	  0.0000
  0.6165	  3.9733	  0.0170	  0.1321	  0.0000
  0.7408	  3.9733	  0.0453	  0.1090	  0.0000
  0.8651	  3.9733	  0.0319	  0.1894	  0.0000
  0.9894	  3.9733	  0.0224	  1.1348	  0.0000
  1.1138	  3.9733	  0.0352	  1.1145	  0.0000
  1.2381	  3.9733	  0.0400	  1.0525	  0.0000
  1.3624	  3.9733	  0.0046	  0.1286	  0.0000
  1.4867	  3.9733	 -0.0130	  0.2362	  0.0000
  1.6111	  3.9733	 -0.0207	  0.4805	  0.0000
  1.7354	  3.9733	 -0.0048	  0.3410	  1.0000
  1.8597	  3.9733	 -0.0064	  0.3044	  1.0000
  1.9840	  3.9733	  0.0003	  0.2766	  0.0000
  2.1084	  3.9733	 -0.0207	  0.0985	  0.0000
  2.2327	  3.9733	  0.0083	 -0.0658	  0.0000
  0.1191	  3.8489	 -0.0311	  0.0020	  0.0000
  0.2435	  3.8489	 -0.0007	  0.0006	  0.0000
  0.3678	  3.8489	 -0.0141	 -0.0137	  0.0000
  0.4921	  3.8489	 -0.0208	  0.2500	  0.0000
  0.6165	  3.8489	 -0.0239	  0.4003	  0.0000
  0.7408	  3.8489	  0.0605	  0.4271	  0.0000
  0.8651	  3.8489	  0.0033	  0.6045	  0.0000
  0.9894	  3.8489	  0.0395	  1.0777	  0.0000
  1.1138	  3.8489	  0.0028	  1.2217	  0.0000
  1.2381	  3.8489	 -0.0025	  1.1889	  0.0000
  1.3624	  3.8489	  0.0020	  0.0965	  0.0000
  1.4867	  3.8489	  0.0008	  0.1756	  0.0000
  1.6111	  3.8489	 -0.0104	  0.4376	  0.0000
  1.7354	  3.8489	  0.0006	  0.3080	  1.0000
  1.8597	  3.8489	 -0.0003	  0.2922	  1.0000
  1.9840	  3.8489	 -0.0016	  0.2474	  0.0000
  2.1084	  3.8489	 -0.0011	  0.1233	  0.0000
  2.2327	  3.8489	 -0.0063	  0.0268	  0.0000
  0.1191	  3.7246	  0.0189	  0.0096	  0.0000
  0.2435	  3.7246	  0.0056	  0.0049	  0.0000
  0.3678	  3.7246	 -0.0239	  0.0338	  0.0000
  0.4921	  3.7246	 -0.0297	  0.2203	  0.0000
  0.6165	  3.7246	 -0.0065	  0.4290	  0.0000
  0.7408	  3.7246	  0.0202	  0.4839	  0.0000
  0.8651	  3.7246	 -0.0078	  0.6991	  0.0000
  0.9894	  3.7246	  0.0491	  0.9234	  0.0000
  1.1138	  3.7246	  0.0196	  0.9513	  0.0000
  1.2381	  3.7246	  0.0124	  0.9236	  0.0000
  1.3624	  3.7246	  0.0391	  0.9049	  0.0000
  1.4867	  3.7246	  0.0181	  0.1316	  0.0000
  1.6111	  3.7246	 -0.0867	  0.3337	  0.0000
  1.7354	  3.7246	 -0.0176	  0.4617	  0.0000
  1.8597	  3.7246	  0.0391	  0.4334	  0.0000
  1.9840	  3.7246	  0.0347	  0.2454	  0.0000
  2.1084	  3.7246	  0.0273	  0.1146	  0.0000
  2.2327	  3.7246	  0.0059	  0.0232	  0.0000
  0.1191	  3.6003	  0.0467	  0.0237	  0.0000
  0.2435	  3.6003	  0.0102	  0.0007	  0.0000
  0.3678	  3.6003	 -0.0099	  0.0429	  0.0000
  0.4921	  3.6003	  0.0071	  0.0746	  0.0000
  0.6165	  3.6003	  0.0234	  0.1388	  0.0000
  0.7408	  3.6003	 -0.0122	  0.2490	  0.0000
  0.8651	  3.6003	 -0.0528	  0.7062	  0.0000
  0.9894	  3.6003	  0.0180	  0.9245	  0.0000
  1.1138	  3.6003	  0.0237	  0.8944	  0.0000
  1.2381	  3.6003	  0.0309	  0.8225	  0.0000
  1.3624	  3.6003	  0.0545	  0.8896	  0.0000
  1.4867	  3.6003	  0.0521	  0.1584	  0.0000
  1.6111	  3.6003	 -0.0519	  0.0980	  0.0000
  1.7354	  3.6003	  0.0583	  0.4357	  0.0000
  1.8597	  3.6003	  0.0903	  0.4218	  0.0000
  1.9840	  3.6003	  0.0364	  0.1786	  0.0000
  2.1084	  3.6003	  0.0338	  0.0917	  0.0000
  2.2327	  3.6003	  0.0143	  0.0037	  0.0000
  0.1191	  3.4760	  0.0196	  0.0113	  0.0000
  0.2435	  3.4760	  0.0160	 -0.0040	  0.0000
  0.3678	  3.4760	  0.0019	  0.0020	  0.0000
  0.4921	  3.4760	 -0.0021	  0.0296	  0.0000
  0.6165	  3.4760	 -0.0592	  0.1555	  0.0000
  0.7408	  3.4760	  0.0041	  0.7874	  0.0000
  0.8651	  3.4760	 -0.0610	  0.8673	  0.0000
  0.9894	  3.4760	 -0.0114	  0.9407	  0.0000
  1.1138	  3.4760	 -0.0719	  0.9746	  0.0000
  1.2381	  3.4760	 -0.0591	  0.9054	  0.0000
  1.3624	  3.4760	 -0.0071	  0.5902	  1.0000
  1.4867	  3.4760	  0.0027	  0.4531	  1.0000
  1.6111	  3.4760	 -0.0162	  0.0966	  0.0000
  1.7354	  3.4760	  0.0182	  0.1351	  0.0000
  1.8597	  3.4760	  0.0255	  0.1003	  0.0000
  1.9840	  3.4760	  0.0053	  0.0807	  0.0000
  2.1084	  3.4760	  0.0048	  0.0386	  0.0000
  2.2327	  3.4760	 -0.0069	 -0.0014	  0.0000
  0.1191	  3.3516	  0.0090	  0.0117	  0.0000
  0.2435	  3.3516	  0.0078	  0.0033	  0.0000
  0.3678	  3.3516	 -0.0087	  0.0053	  0.0000
  0.4921	  3.3516	 -0.0246	  0.0269	  0.0000
  0.6165	  3.3516	 -0.0667	  0.1315	  0.0000
  0.7408	  3.3516	 -0.0418	  0.2412	  0.0000
  0.8651	  3.3516	 -0.0827	  0.9511	  0.0000
  0.9894	  3.3516	 -0.0334	  1.0646	  0.0000
  1.1138	  3.3516	 -0.0779	  0.9500	  0.0000
  1.2381	  3.3516	 -0.0513	  0.9260	  0.0000
  1.3624	  3.3516	 -0.0072	  0.4852	  1.0000
  1.4867	  3.3516	  0.0043	  0.3667	  1.0000
  1.6111	  3.3516	 -0.0048	  0.0521	  0.0000
  1.7354	  3.3516	  0.0395	  0.0448	  0.0000
  1.8597	  3.3516	  0.0258	  0.0583	  0.0000
  1.9840	  3.3516	  0.0132	  0.1234	  0.0000
  2.1084	  3.3516	  0.0177	  0.0370	  0.0000
  2.2327	  3.3516	  0.0024	 -0.0313	  0.0000
  0.1191	  3.2273	 -0.0036	  0.0097	  0.0000
  0.2435	  3.2273	 -0.0069	  0.0088	  0.0000
  0.3678	  3.2273	 -0.0092	  0.0061	  0.0000
  0.4921	  3.2273	 -0.0206	  0.0305	  0.0000
  0.6165	  3.2273	 -0.0159	  0.0769	  0.0000
  0.7408	  3.2273	 -0.0178	  0.0717	  0.0000
  0.8651	  3.2273	 -0.0733	  0.9765	  0.0000
  0.9894	  3.2273	 -0.0476	  0.9716	  0.0000
  1.1138	  3.2273	 -0.0141	  0.8295	  0.0000
  1.2381	  3.2273	 -0.0255	  0.8447	  0.0000
  1.3624	  3.2273	  0.0327	  0.9397	  0.0000
  1.4867	  3.2273	  0.0051	  0.1345	  0.0000
  1.6111	  3.2273	  0.0003	  0.0984	  0.0000
  1.7354	  3.2273	  0.0268	  0.0950	  0.0000
  1.8597	  3.2273	  0.0142	  0.0418	  0.0000
  1.9840	  3.2273	  0.0202	  0.0598	  0.0000
  2.1084	  3.2273	  0.0229	 -0.0278	  0.0000
  2.2327	  3.2273	  0.0094	 -0.0746	  0.0000
  0.1191	  3.1030	 -0.0257	 -0.0582	  0.0000
  0.2435	  3.1030	 -0.0099	 -0.0042	  0.0000
  0.3678	  3.1030	 -0.0023	 -0.0119	  0.0000
  0.4921	  3.1030	  0.0031	  0.0015	  0.0000
  0.6165	  3.1030	  0.0035	  0.0600	  0.0000
  0.7408	  3.1030	  0.0049	  0.0557	  0.0000
  0.8651	  3.1030	 -0.0020	  0.1008	  0.0000
  0.9894	  3.1030	 -0.0138	  0.1461	  0.0000
  1.1138	  3.1030	 -0.0135	  0.1398	  0.0000
  1.2381	  3.1030	  0.0153	  0.1682	  0.0000
  1.3624	  3.1030	  0.0179	  0.1798	  0.0000
  1.4867	  3.1030	 -0.0032	  0.0433	  0.0000
  1.6111	  3.1030	 -0.0167	  0.0907	  0.0000
  1.7354	  3.1030	 -0.0084	  0.1128	  0.0000
  1.8597	  3.1030	 -0.0126	  0.0483	  0.0000
  1.9840	  3.1030	 -0.0023	  0.0319	  0.0000
  2.1084	  3.1030	  0.0119	  0.0021	  0.0000
  2.2327	  3.1030	  0.0197	 -0.0279	  0.0000
  0.1191	  2.9787	 -0.0300	 -0.0834	  0.0000
  0.2435	  2.9787	 -0.0016	 -0.0074	  0.0000
  0.3678	  2.9787	 -0.0005	 -0.0128	  0.0000
  0.4921	  2.9787	  0.0201	  0.0171	  0.0000
  0.6165	  2.9787	  0.0289	  0.0849	  0.0000
  0.7408	  2.9787	  0.0044	  0.0677	  0.0000
  0.8651	  2.9787	 -0.0338	  0.1442	  0.0000
  0.9894	  2.9787	 -0.0313	  0.1176	  0.0000
  1.1138	  2.9787	  0.0186	  0.0867	  0.0000
  1.2381	  2.9787	  0.0505	  0.1838	  0.0000
  1.3624	  2.9787	  0.0561	  0.1653	  0.0000
  1.4867	  2.9787	  0.0103	  0.0372	  0.0000
  1.6111	  2.9787	 -0.0104	  0.0469	  0.0000
  1.7354	  2.9787	 -0.0001	  0.0542	  0.0000
  1.8597	  2.9787	  0.0132	  0.0312	  0.0000
  1.9840	  2.9787	 -0.0029	  0.0145	  0.0000
  2.1084	  2.9787	 -0.0029	 -0.0412	  0.0000
  2.2327	  2.9787	  0.0007	 -0.0747	  0.0000
  0.1191	  2.8543	 -0.0310	 -0.0365	  0.0000
  0.2435	  2.8543	 -0.0081	 -0.0077	  0.0000
  0.3678	  2.8543	 -0.0067	 -0.0177	  0.0000
  0.4921	  2.8543	  0.0004	  0.0209	  0.0000
  0.6165	  2.8543	  0.0079	  0.0820	  0.0000
  0.7408	  2.8543	 -0.0085	  0.0778	  0.0000
  0.8651	  2.8543	  0.0286	  1.0604	  0.0000
  0.9894	  2.8543	  0.0551	  1.1991	  0.0000
  1.1138	  2.8543	 -0.0075	  0.1271	  0.0000
  1.2381	  2.8543	 -0.1364	  1.0017	  0.0000
  1.3624	  2.8543	 -0.0811	  1.0384	  0.0000
  1.4867	  2.8543	 -0.0054	  0.0581	  0.0000
  1.6111	  2.8543	 -0.0089	  0.0446	  0.0000
  1.7354	  2.8543	 -0.0005	  0.0393	  0.0000
  1.8597	  2.8543	  0.0197	  0.0372	  0.0000
  1.9840	  2.8543	  0.0079	  0.0214	  0.0000
  2.1084	  2.8543	  0.0017	 -0.0578	  0.0000
  2.2327	  2.8543	  0.0003	 -0.0720	  0.0000
  0.1191	  2.7300	 -0.0304	  0.0060	  0.0000
  0.2435	  2.7300	 -0.0243	 -0.0040	  0.0000
  0.3678	  2.7300	 -0.0113	 -0.0032	  0.0000
  0.4921	  2.7300	 -0.0018	  0.0664	  0.0000
  0.6165	  2.7300	 -0.0054	  0.1034	  0.0000
  0.7408	  2.7300	 -0.0302	  0.0512	  0.0000
  0.8651	  2.7300	 -0.0138	  1.2831	  0.0000
  0.9894	  2.7300	 -0.0469	  1.3122	  0.0000
  1.1138	  2.7300	 -0.0116	  0.1482	  0.0000
  1.2381	  2.7300	 -0.1092	  0.9221	  0.0000
  1.3624	  2.7300	 -0.0883	  1.0396	  0.0000
  1.4867	  2.7300	 -0.0026	  0.0436	  0.0000
  1.6111	  2.7300	 -0.0019	  0.0263	  0.0000
  1.7354	  2.7300	 -0.0762	  0.0624	  0.0000
  1.8597	  2.7300	  0.0173	  0.0756	  0.0000
  1.9840	  2.7300	  0.0200	 -0.0002	  0.0000
  2.1084	  2.7300	  0.0113	 -0.0770	  0.0000
  2.2327	  2.7300	  0.0087	 -0.0566	  0.0000
  0.1191	  2.6057	  0.0200	  0.0001	  0.0000
  0.2435	  2.6057	 -0.0081	 -0.0057	  0.0000
  0.3678	  2.6057	 -0.0064	 -0.0006	  0.0000
  0.4921	  2.6057	 -0.0032	  0.0726	  0.0000
  0.6165	  2.6057	 -0.0181	  0.1060	  0.0000
  0.7408	  2.6057	 -0.0320	  0.0586	  0.0000
  0.8651	  2.6057	  0.0030	  0.1519	  0.0000
  0.9894	  2.6057	  0.0155	  0.1128	  0.0000
  1.1138	  2.6057	  0.0216	  0.1027	  0.0000
  1.2381	  2.6057	  0.0107	  0.1434	  0.0000
  1.3624	  2.6057	  0.0253	  0.1158	  0.0000
  1.4867	  2.6057	  0.0134	  0.0460	  0.0000
  1.6111	  2.6057	 -0.0064	  0.0058	  0.0000
  1.7354	  2.6057	 -0.0569	  0.0857	  0.0000
  1.8597	  2.6057	 -0.0013	  0.0527	  0.0000
  1.9840	  2.6057	  0.0153	 -0.0204	  0.0000
  2.1084	  2.6057	  0.0045	 -0.0998	  0.0000
  2.2327	  2.6057	  0.0063	 -0.0840	  0.0000
  0.1191	  2.4814	  0.0280	 -0.0250	  0.0000
  0.2435	  2.4814	  0.0160	 -0.0017	  0.0000
  0.3678	  2.4814	  0.0151	 -0.0028	  0.0000
  0.4921	  2.4814	  0.0129	  0.0141	  0.0000
  0.6165	  2.4814	 -0.0327	  0.0412	  0.0000
  0.7408	  2.4814	 -0.0244	  0.0421	  0.0000
  0.8651	  2.4814	  0.0037	  0.1340	  0.0000
  0.9894	  2.4814	  0.0068	  0.1040	  0.0000
  1.1138	  2.4814	  0.0046	  0.0385	  0.0000
  1.2381	  2.4814	  0.0240	  0.0567	  0.0000
  1.3624	  2.4814	  0.0252	  0.1160	  0.0000
  1.4867	  2.4814	 -0.0079	  0.0677	  0.0000
  1.6111	  2.4814	 -0.0134	 -0.0048	  0.0000
  1.7354	  2.4814	 -0.0280	  0.0248	  0.0000
  1.8597	  2.4814	  0.0005	  0.0032	  0.0000
  1.9840	  2.4814	  0.0200	 -0.0488	  0.0000
  2.1084	  2.4814	  0.0073	 -0.0807	  0.0000
  2.2327	  2.4814	  0.0055	 -0.0733	  0.0000
  0.1191	  2.3570	  0.0207	 -0.0079	  0.0000
  0.2435	  2.3570	  0.0070	  0.0039	  0.0000
  0.3678	  2.3570	  0.0231	 -0.0118	  0.0000
  0.4921	  2.3570	  0.0347	  0.0065	  0.0000
  0.6165	  2.3570	 -0.0112	  0.0431	  0.0000
  0.7408	  2.3570	 -0.0181	  0.0508	  0.0000
  0.8651	  2.3570	 -0.0112	  0.0519	  0.0000
  0.9894	  2.3570	 -0.0107	  0.0101	  0.0000
  1.1138	  2.3570	  0.0721	  0.0825	  0.0000
  1.2381	  2.3570	  0.0421	  0.0669	  0.0000
  1.3624	  2.3570	 -0.0079	  0.1034	  0.0000
  1.4867	  2.3570	 -0.0473	  0.0909	  0.0000
  1.6111	  2.3570	 -0.0431	  0.0021	  0.0000
  1.7354	  2.3570	 -0.0095	  0.0252	  0.0000
  1.8597	  2.3570	 -0.0090	  0.0228	  0.0000
  1.9840	  2.3570	  0.0050	 -0.0355	  0.0000
  2.1084	  2.3570	 -0.0003	 -0.0629	  0.0000
  2.2327	  2.3570	 -0.0070	 -0.0570	  0.0000
  0.1191	  2.2327	  0.0096	 -0.0163	  0.0000
  0.2435	  2.2327	  0.0078	 -0.0217	  0.0000
  0.3678	  2.2327	  0.0263	 -0.0470	  0.0000
  0.4921	  2.2327	  0.0166	 -0.0266	  0.0000
  0.6165	  2.2327	 -0.0041	  0.0897	  0.0000
  0.7408	  2.2327	  0.0058	  0.1085	  0.0000
  0.8651	  2.2327	  0.0104	  0.0508	  0.0000
  0.9894	  2.2327	  0.0243	  0.0343	  0.0000
  1.1138	  2.2327	  0.0349	  0.1517	  0.0000
  1.2381	  2.2327	  0.0192	  0.1431	  0.0000
  1.3624	  2.2327	  0.0664	  0.1200	  0.0000
  1.4867	  2.2327	  0.0550	  0.0861	  0.0000
  1.6111	  2.2327	 -0.0092	  0.0132	  0.0000
  1.7354	  2.2327	  0.0033	  0.0217	  0.0000
  1.8597	  2.2327	 -0.0191	  0.0223	  0.0000
  1.9840	  2.2327	 -0.0015	 -0.1085	  0.0000
  2.1084	  2.2327	 -0.0068	 -0.1587	  0.0000
  2.2327	  2.2327	 -0.0073	 -0.0965	  0.0000
  0.1191	  2.1084	  0.0114	  0.0237	  0.0000
  0.2435	  2.1084	  0.0066	 -0.0149	  0.0000
  0.3678	  2.1084	  0.0095	 -0.0533	  0.0000
  0.4921	  2.1084	 -0.0037	 -0.0737	  0.0000
  0.6165	  2.1084	  0.0006	  0.0785	  0.0000
  0.7408	  2.1084	  0.0153	  0.1189	  0.0000
  0.8651	  2.1084	  0.0249	  0.0852	  0.0000
  0.9894	  2.1084	 -0.0092	  0.0654	  0.0000
  1.1138	  2.1084	 -0.0085	  0.0918	  0.0000
  1.2381	  2.1084	  0.0066	  0.0913	  0.0000
  1.3624	  2.1084	  0.1254	  0.1316	  0.0000
  1.4867	  2.1084	  0.0732	  0.0959	  0.0000
  1.6111	  2.1084	  0.0275	  0.0116	  0.0000
  1.7354	  2.1084	  0.0532	 -0.0336	  0.0000
  1.8597	  2.1084	  0.0099	 -0.0221	  0.0000
  1.9840	  2.1084	  0.0101	 -0.1216	  0.0000
  2.1084	  2.1084	 -0.0062	 -0.1545	  0.0000
  2.2327	  2.1084	 -0.0013	 -0.0767	  0.0000
  0.1191	  1.9840	 -0.0137	  0.0348	  0.0000
  0.2435	  1.9840	  0.0065	  0.0033	  0.0000
  0.3678	  1.9840	 -0.0082	 -0.0275	  0.0000
  0.4921	  1.9840	 -0.0012	  0.0007	  0.0000
  0.6165	  1.9840	  0.0021	  0.0750	  0.0000
  0.7408	  1.9840	 -0.0045	  0.1046	  0.0000
  0.8651	  1.9840	 -0.0086	  0.0959	  0.0000
  0.9894	  1.9840	 -0.0325	  0.0922	  0.0000
  1.1138	  1.9840	  0.0641	  0.0410	  0.0000
  1.2381	  1.9840	  0.0733	  0.0556	  0.0000
  1.3624	  1.9840	  0.0334	  0.0885	  0.0000
  1.4867	  1.9840	  0.0030	  0.0564	  0.0000
  1.6111	  1.9840	 -0.0072	  0.0035	  0.0000
  1.7354	  1.9840	  0.0391	 -0.0375	  0.0000
  1.8597	  1.9840	  0.0174	 -0.0452	  0.0000
  1.9840	  1.9840	  0.0087	 -0.0578	  0.0000
  2.1084	  1.9840	 -0.0023	 -0.0322	  0.0000
  2.2327	  1.9840	  0.0074	 -0.0081	  0.0000
  0.1191	  1.8597	 -0.0266	  0.0149	  0.0000
  0.2435	  1.8597	 -0.0040	 -0.0040	  0.0000
  0.3678	  1.8597	 -0.0034	 -0.0243	  0.0000
  0.4921	  1.8597	 -0.0037	  0.0201	  0.0000
  0.6165	  1.8597	  0.0156	  0.1206	  0.0000
  0.7408	  1.8597	  0.0121	  0.1572	  0.0000
  0.8651	  1.8597	 -0.0262	  0.1699	  0.0000
  0.9894	  1.8597	 -0.0009	  0.1252	  0.0000
  1.1138	  1.8597	  0.0615	  0.0805	  0.0000
  1.2381	  1.8597	  0.0864	  0.1286	  0.0000
  1.3624	  1.8597	  0.0397	  0.1692	  0.0000
  1.4867	  1.8597	 -0.0138	  0.1183	  0.0000
  1.6111	  1.8597	 -0.0354	  0.0137	  0.0000
  1.7354	  1.8597	 -0.0039	 -0.0342	  0.0000
  1.8597	  1.8597	  0.0064	 -0.0250	  0.0000
  1.9840	  1.8597	  0.0172	 -0.0102	  0.0000
  2.1084	  1.8597	  0.0063	 -0.0343	  0.0000
  2.2327	  1.8597	  0.0050	 -0.0284	  0.0000
  0.1191	  1.7354	 -0.0326	 -0.0049	  0.0000
  0.2435	  1.7354	 -0.0170	  0.0062	  0.0000
  0.3678	  1.7354	  0.0070	 -0.0143	  0.0000
  0.4921	  1.7354	  0.0005	  0.0175	  0.0000
  0.6165	  1.7354	  0.0066	  0.1263	  0.0000
  0.7408	  1.7354	  0.0011	  0.1361	  0.0000
  0.8651	  1.7354	 -0.0153	  0.0861	  0.0000
  0.9894	  1.7354	  0.0051	  0.1205	  0.0000
  1.1138	  1.7354	 -0.0017	  0.1219	  0.0000
  1.2381	  1.7354	  0.0274	  0.1042	  0.0000
  1.3624	  1.7354	  0.0356	  0.1460	  0.0000
  1.4867	  1.7354	  0.0112	  0.1019	  0.0000
  1.6111	  1.7354	 -0.0548	  0.0164	  0.0000
  1.7354	  1.7354	  0.0058	 -0.0212	  0.0000
  1.8597	  1.7354	  0.0356	 -0.0056	  0.0000
  1.9840	  1.7354	  0.0382	  0.0126	  0.0000
  2.1084	  1.7354	  0.0164	 -0.0841	  0.0000
  2.2327	  1.7354	  0.0130	 -0.0826	  0.0000
  0.1191	  1.6111	 -0.0087	 -0.0101	  0.0000
  0.2435	  1.6111	  0.0003	  0.0204	  0.0000
  0.3678	  1.6111	 -0.0065	 -0.0062	  0.0000
  0.4921	  1.6111	 -0.0168	  0.0143	  0.0000
  0.6165	  1.6111	 -0.0200	  0.0929	  0.0000
  0.7408	  1.6111	 -0.0283	  0.0844	  0.0000
  0.8651	  1.6111	 -0.0168	  0.0480	  0.0000
  0.9894	  1.6111	  0.0058	  0.0692	  0.0000
  1.1138	  1.6111	 -0.0259	  0.0681	  0.0000
  1.2381	  1.6111	 -0.0117	  0.0317	  0.0000
  1.3624	  1.6111	 -0.0064	  0.0323	  0.0000
  1.4867	  1.6111	  0.0076	  0.0272	  0.0000
  1.6111	  1.6111	  0.0059	  0.0286	  0.0000
  1.7354	  1.6111	  0.0477	  0.0191	  0.0000
  1.8597	  1.6111	  0.0265	  0.0116	  0.0000
  1.9840	  1.6111	 -0.0098	 -0.0242	  0.0000
  2.1084	  1.6111	  0.0051	 -0.0702	  0.0000
  2.2327	  1.6111	  0.0155	 -0.0437	  0.0000
  0.1191	  1.4867	  0.0337	  0.0056	  0.0000
  0.2435	  1.4867	 -0.0069	  0.0054	  0.0000
  0.3678	  1.4867	 -0.0201	 -0.0154	  0.0000
  0.4921	  1.4867	 -0.0022	  0.0264	  0.0000
  0.6165	  1.4867	  0.0080	  0.0427	  0.0000
  0.7408	  1.4867	 -0.0212	  0.0264	  0.0000
  0.8651	  1.4867	 -0.0301	  0.0608	  0.0000
  0.9894	  1.4867	 -0.0031	  0.0243	  0.0000
  1.1138	  1.4867	 -0.0285	  0.0178	  0.0000
  1.2381	  1.4867	 -0.0576	 -0.0210	  0.0000
  1.3624	  1.4867	 -0.0199	 -0.0137	  0.0000
  1.4867	  1.4867	  0.0006	  0.0517	  0.0000
  1.6111	  1.4867	  0.0020	  0.0294	  0.0000
  1.7354	  1.4867	 -0.0457	  0.0113	  0.0000
  1.8597	  1.4867	 -0.0541	  0.0326	  0.0000
  1.9840	  1.4867	 -0.0345	 -0.0913	  0.0000
  2.1084	  1.4867	 -0.0194	 -0.1180	  0.0000
  2.2327	  1.4867	  0.0037	 -0.0389	  0.0000
  0.1191	  1.3624	  0.0188	  0.0022	  0.0000
  0.2435	  1.3624	  0.0016	  0.0275	  0.0000
  0.3678	  1.3624	  0.0202	 -0.0131	  0.0000
  0.4921	  1.3624	  0.0533	  0.0521	  0.0000
  0.6165	  1.3624	  0.0116	  0.0931	  0.0000
  0.7408	  1.3624	 -0.0338	 -0.0153	  0.0000
  0.8651	  1.3624	 -0.0092	  0.0252	  0.0000
  0.9894	  1.3624	  0.0134	  0.0997	  0.0000
  1.1138	  1.3624	 -0.0104	  0.0611	  0.0000
  1.2381	  1.3624	 -0.0343	 -0.0125	  0.0000
  1.3624	  1.3624	 -0.0279	 -0.0028	  0.0000
  1.4867	  1.3624	  0.0081	  0.0693	  0.0000
  1.6111	  1.3624	 -0.0071	  0.0529	  0.0000
  1.7354	  1.3624	 -0.0475	  0.0250	  0.0000
  1.8597	  1.3624	 -0.0423	 -0.0029	  0.0000
  1.9840	  1.3624	 -0.0218	 -0.0803	  0.0000
  2.1084	  1.3624	 -0.0096	 -0.0924	  0.0000
  2.2327	  1.3624	  0.0137	 -0.0214	  0.0000
  0.1191	  1.2381	 -0.0036	 -0.0140	  0.0000
  0.2435	  1.2381	  0.0224	 -0.0024	  0.0000
  0.3678	  1.2381	  0.0230	 -0.0289	  0.0000
  0.4921	  1.2381	  0.0357	  0.0211	  0.0000
  0.6165	  1.2381	 -0.0094	  0.0343	  0.0000
  0.7408	  1.2381	 -0.0201	 -0.0032	  0.0000
  0.8651	  1.2381	  0.0344	  0.0077	  0.0000
  0.9894	  1.2381	  0.0269	  0.0440	  0.0000
  1.1138	  1.2381	 -0.0043	  0.0626	  0.0000
  1.2381	  1.2381	 -0.0086	  0.0180	  0.0000
  1.3624	  1.2381	 -0.0324	  0.0410	  0.0000
  1.4867	  1.2381	  0.0127	  0.0988	  0.0000
  1.6111	  1.2381	  0.0082	  0.0554	  0.0000
  1.7354	  1.2381	 -0.0134	 -0.0108	  0.0000
  1.8597	  1.2381	 -0.0117	 -0.0334	  0.0000
  1.9840	  1.2381	 -0.0029	 -0.0232	  0.0000
  2.1084	  1.2381	 -0.0066	 -0.0444	  0.0000
  2.2327	  1.2381	 -0.0011	 -0.0315	  0.0000
  0.1191	  1.1138	 -0.0064	 -0.0030	  0.0000
  0.2435	  1.1138	 -0.0464	 -0.0572	  0.0000
  0.3678	  1.1138	  0.0180	 -0.0345	  0.0000
  0.4921	  1.1138	  0.0707	  0.0357	  0.0000
  0.6165	  1.1138	  0.0080	  0.0869	  0.0000
  0.7408	  1.1138	  0.0038	  0.0413	  0.0000
  0.8651	  1.1138	  0.0182	  0.0071	  0.0000
  0.9894	  1.1138	 -0.0036	  0.0036	  0.0000
  1.1138	  1.1138	 -0.0175	  0.0269	  0.0000
  1.2381	  1.1138	 -0.0236	  0.0093	  0.0000
  1.3624	  1.1138	 -0.0204	  0.0380	  0.0000
  1.4867	  1.1138	 -0.0104	  0.0789	  0.0000
  1.6111	  1.1138	 -0.0187	  0.0204	  0.0000
  1.7354	  1.1138	  0.0033	 -0.0284	  0.0000
  1.8597	  1.1138	 -0.0069	 -0.0136	  0.0000
  1.9840	  1.1138	 -0.0104	 -0.0446	  0.0000
  2.1084	  1.1138	 -0.0135	 -0.1135	  0.0000
  2.2327	  1.1138	 -0.0052	 -0.0560	  0.0000
  0.1191	  0.9894	  0.0283	  0.0160	  0.0000
  0.2435	  0.9894	 -0.0298	 -0.0085	  0.0000
  0.3678	  0.9894	  0.0047	  0.0065	  0.0000
  0.4921	  0.9894	  0.0070	  0.0351	  0.0000
  0.6165	  0.9894	 -0.0048	  0.0382	  0.0000
  0.7408	  0.9894	 -0.0006	  0.0510	  0.0000
  0.8651	  0.9894	  0.0012	  0.0808	  0.0000
  0.9894	  0.9894	 -0.0239	  0.0296	  0.0000
  1.1138	  0.9894	 -0.0409	  0.0441	  0.0000
  1.2381	  0.9894	 -0.0300	  0.0280	  0.0000
  1.3624	  0.9894	 -0.0106	  0.0093	  0.0000
  1.4867	  0.9894	 -0.0305	  0.0428	  0.0000
  1.6111	  0.9894	 -0.0459	  0.0491	  0.0000
  1.7354	  0.9894	 -0.0078	  0.0403	  0.0000
  1.8597	  0.9894	  0.0067	  0.0405	  0.0000
  1.9840	  0.9894	  0.0033	 -0.0565	  0.0000
  2.1084	  0.9894	  0.0084	 -0.1123	  0.0000
  2.2327	  0.9894	  0.0081	 -0.0550	  0.0000
  0.1191	  0.8651	  0.0043	 -0.0108	  0.0000
  0.2435	  0.8651	 -0.0040	  0.0119	  0.0000
  0.3678	  0.8651	 -0.0331	 -0.0030	  0.0000
  0.4921	  0.8651	 -0.0229	 -0.0098	  0.0000
  0.6165	  0.8651	 -0.0335	  0.0014	  0.0000
  0.7408	  0.8651	 -0.0285	  0.0121	  0.0000
  0.8651	  0.8651	 -0.0058	  0.0196	  0.0000
  0.9894	  0.8651	 -0.0436	  0.0348	  0.0000
  1.1138	  0.8651	 -0.0342	  0.0532	  0.0000
  1.2381	  0.8651	 -0.0107	  0.0587	  0.0000
  1.3624	  0.8651	  0.0002	  0.0282	  0.0000
  1.4867	  0.8651	 -0.0148	  0.0296	  0.0000
  1.6111	  0.8651	  0.0017	  0.0593	  0.0000
  1.7354	  0.8651	 -0.0099	  0.0479	  0.0000
  1.8597	  0.8651	  0.0120	  0.0088	  0.0000
  1.9840	  0.8651	  0.0139	 -0.0398	  0.0000
  2.1084	  0.8651	  0.0109	 -0.0501	  0.0000
  2.2327	  0.8651	 -0.0006	 -0.0228	  0.0000
  0.1191	  0.7408	  0.0219	 -0.0106	  0.0000
  0.2435	  0.7408	 -0.0032	 -0.0044	  0.0000
  0.3678	  0.7408	 -0.0312	 -0.0142	  0.0000
  0.4921	  0.7408	 -0.0138	 -0.0045	  0.0000
  0.6165	  0.7408	 -0.0238	  0.0130	  0.0000
  0.7408	  0.7408	 -0.0221	 -0.0040	  0.0000
  0.8651	  0.7408	 -0.0319	 -0.0103	  0.0000
  0.9894	  0.7408	 -0.0515	 -0.0011	  0.0000
  1.1138	  0.7408	 -0.0122	  0.0127	  0.0000
  1.2381	  0.7408	  0.0010	  0.0287	  0.0000
  1.3624	  0.7408	  0.0057	  0.0168	  0.0000
  1.4867	  0.7408	 -0.0167	  0.0167	  0.0000
  1.6111	  0.7408	 -0.0224	  0.0244	  0.0000
  1.7354	  0.7408	 -0.0903	  0.0610	  0.0000
  1.8597	  0.7408	 -0.0101	  0.0304	  0.0000
  1.9840	  0.7408	  0.0091	 -0.0184	  0.0000
  2.1084	  0.7408	  0.0082	 -0.0405	  0.0000
  2.2327	  0.7408	  0.0004	 -0.0347	  0.0000
  0.1191	  0.6165	  0.0459	  0.0148	  0.0000
  0.2435	  0.6165	 -0.0058	  0.0016	  0.0000
  0.3678	  0.6165	 -0.0138	 -0.0206	  0.0000
  0.4921	  0.6165	 -0.0265	 -0.0097	  0.0000
  0.6165	  0.6165	 -0.0269	  0.0049	  0.0000
  0.7408	  0.6165	  0.0113	  0.0048	  0.0000
  0.8651	  0.6165	 -0.0265	  0.0169	  0.0000
  0.9894	  0.6165	 -0.0284	  0.0100	  0.0000
  1.1138	  0.6165	  0.0001	 -0.0077	  0.0000
  1.2381	  0.6165	 -0.0108	 -0.0325	  0.0000
  1.3624	  0.6165	 -0.0053	 -0.0101	  0.0000
  1.4867	  0.6165	 -0.0291	  0.0266	  0.0000
  1.6111	  0.6165	 -0.0383	  0.0233	  0.0000
  1.7354	  0.6165	 -0.0163	  0.0741	  0.0000
  1.8597	  0.6165	 -0.0033	  0.0675	  0.0000
  1.9840	  0.6165	  0.0410	 -0.0907	  0.0000
  2.1084	  0.6165	  0.0273	 -0.0734	  0.0000
  2.2327	  0.6165	  0.0057	 -0.0399	  0.0000
  0.1191	  0.4921	  0.0758	 -0.0082	  0.0000
  0.2435	  0.4921	  0.0060	 -0.0438	  0.0000
  0.3678	  0.4921	 -0.0196	 -0.0329	  0.0000
  0.4921	  0.4921	 -0.0338	 -0.0080	  0.0000
  0.6165	  0.4921	  0.0101	  0.0043	  0.0000
  0.7408	  0.4921	  0.0251	  0.0763	  0.0000
  0.8651	  0.4921	  0.0055	  0.0301	  0.0000
  0.9894	  0.4921	  0.0186	  0.0081	  0.0000
  1.1138	  0.4921	  0.0081	 -0.0135	  0.0000
  1.2381	  0.4921	 -0.0049	 -0.0328	  0.0000
  1.3624	  0.4921	  0.0162	  0.0069	  0.0000
  1.4867	  0.4921	  0.0028	  0.0357	  0.0000
  1.6111	  0.4921	 -0.0017	  0.0093	  0.0000
  1.7354	  0.4921	 -0.0055	  0.0950	  0.0000
  1.8597	  0.4921	 -0.0202	  0.0362	  0.0000
  1.9840	  0.4921	  0.0093	 -0.0298	  0.0000
  2.1084	  0.4921	  0.0294	 -0.0759	  0.0000
  2.2327	  0.4921	  0.0100	 -0.0261	  0.0000
  0.1191	  0.3678	  0.0939	 -0.0060	  0.0000
  0.2435	  0.3678	  0.0332	 -0.0353	  0.0000
  0.3678	  0.3678	 -0.0178	 -0.0573	  0.0000
  0.4921	  0.3678	 -0.0168	 -0.0067	  0.0000
  0.6165	  0.3678	 -0.0130	  0.0193	  0.0000
  0.7408	  0.3678	 -0.0248	  0.0209	  0.0000
  0.8651	  0.3678	  0.0032	  0.0138	  0.0000
  0.9894	  0.3678	  0.0427	 -0.0047	  0.0000
  1.1138	  0.3678	  0.0372	 -0.0247	  0.0000
  1.2381	  0.3678	  0.0214	 -0.0151	  0.0000
  1.3624	  0.3678	  0.0418	  0.0203	  0.0000
  1.4867	  0.3678	  0.0127	  0.0285	  0.0000
  1.6111	  0.3678	  0.0300	 -0.1306	  0.0000
  1.7354	  0.3678	  0.0065	 -0.0377	  0.0000
  1.8597	  0.3678	 -0.0284	  0.0147	  0.0000
  1.9840	  0.3678	 -0.0146	  0.0085	  0.0000
  2.1084	  0.3678	 -0.0041	 -0.0404	  0.0000
  2.2327	  0.3678	 -0.0002	 -0.0262	  0.0000
  0.1191	  0.2435	 -0.0010	 -0.0165	  0.0000
  0.2435	  0.2435	  0.0669	 -0.0329	  0.0000
  0.3678	  0.2435	  0.0427	  0.0089	  0.0000
  0.4921	  0.2435	  0.0506	  0.0561	  0.0000
  0.6165	  0.2435	 -0.0271	  0.0318	  0.0000
  0.7408	  0.2435	 -0.0232	  0.0056	  0.0000
  0.8651	  0.2435	  0.0139	  0.0001	  0.0000
  0.9894	  0.2435	 -0.0163	 -0.0001	  0.0000
  1.1138	  0.2435	  0.0105	  0.0081	  0.0000
  1.2381	  0.2435	  0.0064	  0.0329	  0.0000
  1.3624	  0.2435	  0.0110	  0.0335	  0.0000
  1.4867	  0.2435	  0.0142	  0.0102	  0.0000
  1.6111	  0.2435	  0.0001	 -0.0228	  0.0000
  1.7354	  0.2435	 -0.0185	 -0.0379	  0.0000
  1.8597	  0.2435	  0.0386	 -0.1059	  0.0000
  1.9840	  0.2435	  0.0075	 -0.0514	  0.0000
  2.1084	  0.2435	  0.0036	 -0.0817	  0.0000
  2.2327	  0.2435	  0.0198	 -0.0492	  0.0000
  0.1191	  0.1191	 -0.0265	 -0.0118	  0.0000
  0.2435	  0.1191	 -0.0107	  0.0072	  0.0000
  0.3678	  0.1191	  0.0298	  0.0444	  0.0000
  0.4921	  0.1191	  0.0160	  0.0466	  0.0000
  0.6165	  0.1191	  0.0045	  0.0491	  0.0000
  0.7408	  0.1191	  0.0903	  0.0162	  0.0000
  0.8651	  0.1191	 -0.0291	 -0.0097	  0.0000
  0.9894	  0.1191	 -0.0659	 -0.0541	  0.0000
  1.1138	  0.1191	 -0.0560	 -0.0185	  0.0000
  1.2381	  0.1191	 -0.0268	  0.0038	  0.0000
  1.3624	  0.1191	  0.0088	  0.0211	  0.0000
  1.4867	  0.1191	  0.0246	 -0.0137	  0.0000
  1.6111	  0.1191	  0.0752	 -0.0816	  0.0000
  1.7354	  0.1191	  0.0420	 -0.0040	  0.0000
  1.8597	  0.1191	  0.0403	 -0.0242	  0.0000
  1.9840	  0.1191	  0.0239	 -0.0100	  0.0000
  2.1084	  0.1191	  0.0352	 -0.0490	  0.0000
  2.2327	  0.1191	  0.0518	 -0.0722	  0.0000
