   31590    10310     3812     1600      735      366        0
   60560    22000     8875     3922     1878      963        0
	3400    37020    15810     8550     3677     1946        0
	6500     2373    25490    12380     6366     3457        0
   11200     3903     1637    17310     9161     5069        0
   16530     6044     2527     1200    12390     6961        0
   23880     8730     3602     1688      867     8647        0
   35760    13570     5617     2582     1301      715        0
   46010    18460     7796     3645     1823      983        0
   58170    24900    10950     5170     2615     1411        0
   66069	27234    12393     6159     3258     1810        0
   74180    36980    17690     8790     4543     2484        0
   66170    41280    20570    10540     5526     3041        0
   84000    47940    24930    13010     7006     3888        0
    7576    50760    27610    14790     8047     4522        0
    9369    45580    29510    16160     8924     5070        0
   11280     6315    35900    19370    10620     6091        0
   13010     6838    35590    22030    12370     7163        0
   14190     7461     3988    23590    13300     7754        0
   14700     8094     4364    19900    14540     8557        0
   17700     8840     4790    24250    15750     9370        0
   20200    10590     5630     2900    15910    10840        0
   22160    11470     6160     3470    17020    11560        0
   27300    13300     7121     4000     2328    13210        0
   33400    14730     7888     4500     2568    12340        0
   42000    17270     9235     5120     2989     1801        0
   36060    18690     9997     5920     3159     1968        0
   40140    21710    11700     6350     3717     2237        0
   42030    23330    12710     7090     4072     2450        0
   45050    25520    14040     7867     4539     2737        0
   44450    27900    15630     8805     5081     3067        0
   45600    30210    17000     9633     5585     3373        0
   42700    32550    18760    10710     6259     3784        0
   40200    33280    20690    11890     6690     4212        0
   35880    35520    21960    12820     7551     4610        0
   27340    35310    23310    13760     8210     5025        0
   30000    31380    23840    15100     9049     5565        0
    4000    31130    25030    16200     9743     6035        0
    4600    33990    27190    17100    10770     6676        0
    4550    32420    23220    18000    11360     7087        0
    5053    28960    23310    18120    11850     7448        0
   55830     4240    25180    19700    12960     8130        0
   59770     4634    26490    19670    13920     8779        0
    6024     5250    26150    18330    14800     9400        0
    6462     5507     3900    19260    14730    10010        0
    6567     5793     4152    20190    14870    10440        0
    6732     6135     4476    22220    15970    11070        0
    6771     6332     4760    15050    13760    10850        0
    6848     6601     5015     3418    14680    11300        0
    6756     6666     5148     3566    16400    11430        0
    5880     7094     5613     3906    17240    10170        0
    5895     7403     5990     4200     2848    10790        0
    5996     7650     6238     4443     3030    11500        0
    3677     7772     6306     4560     3140    11600        0
    2500     7894     6410     3600     3277    12340        0
    6811     8102     7254     5207     3584     2455        0
    8704     8909     7717     5503     3783     2592        0
   10390     9543     8026     5691     3909     2679        0
   12430    10530     8532     5964     4081     2796        0
   14560    11490     9101     6314     4284     2934        0
   15620    12190     9583     6627     4495     3080        0
   14890    11970     9553     6641     4546     3120        0
   18740    12410    10070     7444     4996     3393        0
   20540    13590    11390     7877     5284     3572        0
   21840    14530    11460     8340     5593     3758        0
   23600    15720    12280     8915     5950     3999        0
   24790    16930    13130     9561     6383     4269        0
   23180    17710    13770    10000     6682     4482        0
   21890    17410    13880    10270     6897     4624        0
   21640    18030    12910    10130     7227     4859        0
   22500    18390    13420    10600     7588     5128        0
   21400    18750    13880    11300     7928     5358        0
   17980    18710    14120    11290     8227     5568        0
   16060    17060    14130    11330     8439     5757        0
   14000    16440    14680    11700     8433     6109        0
   11270    16050    15210    11340     8893     6452        0
    8952    15210    15440    11760     9289     6762        0
    6180    14430    15920    12440     9732     7184        0
    4885    13030    14260    12210     9690     7304        0
    4265    11350    14020    11000     9039     7122        0
    3136     9533    13810    12100     9285     7380        0
    2580     8243    13680    13450     9749     7738        0
    2238     6583    13310    12530    10290     8187        0
    2429     4173    12260    11760    10240     8316        0
    2617     3058    11110    11890    10630     7582        0
    2667     2444     9201    11870    10560     7779        0
    1588     2630     7989    11680    10320     7910        0
    1879     2120     6293    11300     8942     7886        0
    2104     2391     3461    11510     9533     8399        0
    8200     2317     2417    11060     9492     8420        0
    2478     2431     2654     9825     9836     8658        0
    2936     2416     2770     6381    10270     8398        0
